	[ Abort Jobs ]
	JobID	CPU	Abort	Delay
[1]	22	2	6	5
[2]	23	2	6	5
[3]	18	1	11	0
[4]	15	1	12	5
[5]	16	1	12	5
[6]	17	1	12	2
[7]	36	2	16	0
[8]	37	2	16	0
[9]	38	2	16	0
[10]	39	2	16	0
[11]	40	2	16	0
[12]	41	2	16	0
[13]	42	2	16	0
[14]	33	2	18	2
[15]	35	2	19	3

	[ Done Jobs ]
	JobID	CPU	Departure	Delay
[1]	20	1	7	0
[2]	21	2	6	0
[3]	24	2	7	5
[4]	13	1	12	0
[5]	14	2	12	0
[6]	19	1	15	0
[7]	20	2	15	0
[8]	31	1	65	0
[9]	32	2	18	0
[10]	34	2	19	2
[11]	2015	1	2379	0
[12]	2017	1	65534	0

[ Average Delay ]
1.26ms

[ Success Rate ]
44.44%
