	[Abort Jobs]
	JobID	CPU	Abort	Delay
[1]	23	2	60	10
[2]	15	1	160	0
[3]	16	1	160	0
[4]	66	1	160	0
[5]	67	1	160	0
[6]	68	1	160	0
[7]	69	1	160	0
[8]	12	1	161	1
[9]	13	1	161	1
[10]	25	1	162	1
[11]	49	1	177	1
[12]	48	2	179	6

	[Jobs Done]
	JobID	CPU	Departure	Delay
[1]	21	1	150	0
[2]	22	2	60	0
[3]	54	2	70	10
[4]	55	1	151	0
[5]	10	1	161	0
[6]	11	2	161	0
[7]	14	1	162	1
[8]	24	2	163	0
[9]	32	1	167	0
[10]	33	2	169	0
[11]	34	1	168	2
[12]	35	1	170	1
[13]	45	1	177	0
[14]	46	2	176	0
[15]	47	2	179	3

[Average Delay]
1.37 ms

[Success Rate]
55.56%
