	[Abort Jobs]
	JobID	CPU	Abort	Delay
[1]	22	1	7	6
[2]	24	1	7	6
[3]	23	2	6	5
[4]	15	1	12	5
[5]	17	1	12	2
[6]	16	2	12	5
[7]	18	2	12	1
[8]	39	0	16	0
[9]	40	0	16	0
[10]	41	0	16	0
[11]	42	0	16	0
[12]	33	1	65	49
[13]	35	1	65	49
[14]	37	1	65	49

	[Jobs Done]
	JobID	CPU	Departure	Delay
[1]	20	1	7	0
[2]	21	2	6	0
[3]	13	1	12	0
[4]	14	2	12	0
[5]	19	1	15	0
[6]	20	2	15	0
[7]	31	1	65	0
[8]	32	2	18	0
[9]	34	2	19	2
[10]	36	2	20	3
[11]	38	2	21	4
[12]	2015	1	2379	0
[13]	2017	1	65534	0

[Average Delay]
6.89 ms

[Success Rate]
48.15%
