10000
27035
5120
6354
18316
26690
4641
30833
16875
14253
18826
15734
7256
27190
12734
13741
4219
10679
2240
13405
15503
4941
20423
27690
9656
91
57
8250
13463
24786
3287
28823
24604
2736
821
17876
31388
8903
24942
8180
21796
704
29717
19591
11532
16479
20591
18454
6095
14857
16095
20161
24858
19587
10657
24615
3874
5628
25531
14982
315
27214
23601
4387
23719
23681
4473
493
15275
400
22830
3677
21224
20592
20489
7072
233
17231
1548
15864
31737
7706
15104
21344
4663
32321
16162
12655
12268
6078
19482
27262
8219
17236
27180
28173
15194
16916
13746
2147
30945
23078
6346
1397
5601
12486
19788
31497
18199
1421
15103
32283
10400
13042
1548
18304
24591
6160
25010
3017
9405
20394
31548
2666
8800
22636
4400
6172
27103
4723
2762
10367
25701
13840
9128
6916
31925
10185
32711
20234
29373
19873
15278
17223
3437
18842
19689
17514
7881
15735
18105
28414
3645
31686
22282
2194
23857
18974
4005
29719
23006
6310
20391
17801
29792
21206
24882
14546
27148
11650
8034
4075
15107
5652
14467
7236
7687
10009
24705
30566
26254
17919
1951
11991
4373
19996
26988
26429
27063
27891
2036
15047
254
5043
26419
22217
25337
8705
7375
7334
17551
11767
2054
18931
6930
3437
17892
27609
21016
1143
13754
8635
4998
15662
8653
29465
21997
27828
24651
15541
9498
18802
131
30964
22760
13988
22612
26502
11865
18712
1510
22601
30437
2354
14745
7531
21010
5684
23611
26832
9541
3772
25982
6323
17880
25231
30377
14223
2412
29076
3469
13120
12417
7204
25531
3941
24388
10369
19956
5898
6311
8611
12257
20868
28599
4923
22532
16027
25387
18162
22511
7663
5944
26353
11444
17812
25005
10663
19356
19456
23611
27334
26396
2343
28948
21903
4
13028
5561
1104
5882
6299
10252
14635
4647
16925
8621
5144
11056
30155
5507
27181
31080
27135
11161
8734
27716
9639
3884
14848
18959
21555
770
23122
1758
4274
4093
6717
1991
27703
495
22811
9806
13186
9904
20791
2080
14300
878
18387
7940
8003
29765
32368
25870
32711
27151
18761
10517
18996
14974
28449
32616
18417
13928
13886
10941
12328
31329
17078
4458
6183
11663
10729
4824
17159
8890
24399
20788
5259
4003
24180
17255
11082
20119
13888
9033
26129
24131
22908
3089
22659
5066
22674
23825
29442
13077
26772
13472
25043
24939
23424
5975
26492
9793
28099
6016
13937
28243
3323
4299
3568
17651
31745
19523
7722
14241
30759
8321
30627
6109
17342
25119
2523
3897
14812
14448
29998
14770
20316
10862
13305
14912
9509
30708
24318
32172
4016
4910
4362
8098
14276
20045
11733
9735
14468
4479
4137
1676
24236
11550
25414
10884
27928
7207
11142
25843
2694
19183
16957
3815
15516
13841
18659
15883
5165
30123
22389
18809
28344
2250
27160
4304
28977
29986
20992
14726
8196
3843
11664
22144
14424
32136
11202
11744
11920
20242
7882
4383
30232
12788
8694
31579
30302
9584
22233
27122
20766
14051
32168
9039
24035
7996
27876
24580
32459
21682
11321
2585
12938
25783
13991
1700
1969
10791
10207
15770
21809
13254
22768
21477
23578
28393
12322
19383
13993
27251
10274
32541
14466
17923
21088
10455
9274
8556
22710
28519
23064
8294
16970
9832
25629
22147
32693
14881
833
12132
613
31066
8704
10028
25407
12654
20501
26421
23689
20642
11142
6914
6920
693
23264
4469
10853
31673
31940
32322
214
25889
12450
28580
28154
8474
7365
19535
28932
22559
5520
28069
14875
1223
18951
10796
23297
29154
6545
25664
27379
24261
30459
28933
8657
15842
31937
27552
11903
16796
5769
18599
19595
11097
25585
15829
23824
4312
14474
20995
1754
3013
23844
10579
8650
1930
30285
25007
29052
8553
13332
4978
29480
20167
12051
19044
17094
15819
5804
2796
23414
9256
5266
14209
14110
28727
2443
27234
4437
4169
1909
6023
20864
17467
11399
2775
24634
11595
17370
5787
27642
4137
20264
1587
24815
32082
24019
10503
6191
21401
21801
2497
529
20742
3558
9658
20439
9700
27386
14513
24721
15894
19853
28867
30014
13482
2625
7831
28723
9649
17335
13786
9153
21069
20052
12779
29714
19211
325
13015
20564
5235
6336
26247
18201
31198
3469
4664
14846
648
1478
20524
29835
15590
17115
21919
10843
21562
12504
21757
8317
9316
31467
20562
1561
16379
18721
28674
16471
7324
2928
12730
11644
22914
30202
934
9047
21591
4752
8165
11483
74
2933
15418
19213
13154
4965
25092
15649
24082
3798
624
5087
24845
25214
6893
5196
30043
2837
32224
11655
23213
25180
5017
1521
16366
13662
10118
25488
6682
4086
5543
29622
23891
24977
27714
13789
19506
24373
21976
3542
20827
18115
24407
16675
5972
26489
28305
25505
21143
5050
31981
30570
29157
24594
27229
17401
10462
21365
31888
10383
2255
27847
24168
28118
7115
8610
13230
23236
13821
14931
5381
4291
28988
12069
2076
29455
1760
27363
18472
7519
31700
5784
29330
11719
21229
21145
27628
26077
14714
197
4394
26395
25117
1036
2319
3716
473
6446
18917
13194
9067
11461
10097
20016
17630
21126
32038
18540
29530
16836
18585
32463
22845
31541
18485
13415
29292
31737
29232
32229
23276
8664
22461
26619
27564
9420
18564
23816
6565
18879
19023
3575
19237
12949
14598
25188
5992
28525
8925
13313
9321
13604
13516
22841
5879
23835
19264
17171
18699
4667
31504
12888
14937
20278
9906
18424
28453
4623
29615
29866
12632
26844
13396
3027
26579
15307
6570
32169
30723
30819
16809
31896
26038
524
30121
4581
9517
3026
11545
26001
21362
16230
10355
15744
18668
21861
14447
30682
14896
733
1400
1202
23322
24590
27484
8933
14365
11373
15687
25669
14807
5103
1522
15607
1768
22915
6168
8730
14341
2784
810
31657
4680
8578
16451
28067
15306
13551
11102
15465
7796
8767
7367
20583
27922
19675
14031
7414
32425
23685
15300
28289
29707
7321
32
25575
23464
24722
19713
5921
18343
4559
18137
14629
2614
19096
11367
9482
3102
8796
486
11884
29082
3900
31876
12050
361
206
16917
6094
546
6170
20745
2213
456
8425
9371
13360
15262
12352
26956
4674
4156
3111
21904
9676
17379
16558
31431
23037
30478
1586
8814
15021
3401
23773
2967
3067
30278
364
7318
1333
3374
7989
23806
13049
565
25448
19404
17562
625
21909
26081
18629
4588
6510
28854
7525
19448
32207
23883
5827
32194
31995
22368
8690
20266
4649
21736
26218
28114
2111
14779
10995
28277
9693
25483
453
22651
23197
12825
32749
4042
20889
24488
1010
4318
3374
15794
20409
13084
28672
10715
31142
25955
22334
20259
30980
6373
10792
1887
20903
20021
718
28906
8911
30880
21530
3224
7504
11201
12560
30699
9456
18256
6485
6026
8465
5435
28398
17902
16528
3576
31051
23135
13548
14105
6532
7199
10411
20513
5090
30181
29945
16790
4769
32140
23187
599
17908
9229
16867
26416
17738
8619
18028
4268
5584
29293
4457
27434
31287
30417
18353
30003
28599
3263
3806
16395
31828
13500
28078
24198
12896
5984
2986
13853
3393
32522
5125
26177
2932
6610
16326
14832
10706
6079
19242
22405
9234
31035
23107
8916
7824
8643
4326
1398
7500
739
25028
4450
27702
29538
22743
12733
23721
1722
25856
24052
31797
30922
25838
775
10401
463
31553
5928
9520
9873
28143
2948
5412
22746
5351
4193
32641
31788
7157
24425
16403
8883
7142
69
2482
5753
20204
15214
24005
729
25668
12096
7429
21046
14101
15185
5508
5101
27804
13824
12781
32391
15750
8273
11789
25140
28317
19448
29842
8053
15527
10163
2579
30232
16267
9693
10577
16489
2230
28993
29885
28327
189
25644
24890
22197
18500
30150
15907
11282
8222
4513
32400
13323
7350
3475
10197
2607
10413
12737
2380
2308
6852
1789
8533
11000
25341
24402
21402
30618
4861
19676
21656
20746
17845
31453
28251
13742
10817
7438
648
18983
13840
26931
28065
16260
16966
20210
12165
27061
6238
25061
32054
6722
12820
10734
8159
4925
12418
19915
17686
9845
20105
19434
9310
21740
21106
13694
7664
651
17109
8146
14011
4629
25274
16349
5545
32090
14591
25624
26148
15789
9978
16524
17369
6295
21086
16687
5051
9421
26211
22128
28235
7008
28705
28689
32535
18740
23101
6709
32129
13491
19400
28858
8898
19394
28260
23752
16687
11764
24489
20650
24762
26366
20935
30173
1211
11628
8044
359
32497
31122
22248
8810
29635
2244
143
16121
29644
8394
9310
29482
20119
10126
21218
1645
679
25368
13654
19228
28347
30140
26892
7251
10320
27282
10766
28161
7014
26151
4356
9023
22407
20338
26712
7905
11782
1290
23705
16971
1413
29334
3101
20103
1721
6788
14827
23444
1650
26622
10199
23040
20693
23833
23535
21177
14828
29008
21782
22816
5986
13362
29423
25439
1927
2135
5373
31996
10650
2712
13576
1967
11080
31103
194
32369
20336
12541
13994
28374
21033
3675
18993
7324
19974
20595
4891
900
1689
18464
3113
11104
15413
27891
25845
622
27896
10792
27421
12772
9993
30680
3747
8396
20511
5232
1428
6418
1603
29281
21224
17116
32214
11801
13482
27161
213
8243
15705
16989
29532
24554
7309
7404
361
18900
23261
17685
23011
24269
3329
30401
6875
3888
16948
9035
21265
17998
12764
30866
15546
18968
27757
24141
5504
17183
5003
23967
14283
191
23919
9964
22847
19862
26507
10730
4742
26683
7281
29691
5199
29741
12529
18618
11670
30474
31873
10451
1830
13826
12515
15129
14429
1930
13569
19410
6448
27989
10012
22101
30062
2688
18981
19672
1353
18957
25195
4739
20242
18834
17783
23497
22084
23602
8500
26871
15300
14797
15956
20237
13159
11892
16878
17102
29365
24096
12908
6675
31981
28835
17316
30564
28745
14814
11845
21449
14466
12853
5749
23262
19095
21312
17848
19750
19915
11459
15380
23713
21996
17889
23667
14241
4827
7820
14408
13785
6473
25920
15989
23479
10431
13553
20845
10228
4833
28482
2197
24425
10227
1783
8433
19236
19612
20141
24828
7355
7402
8136
29655
27872
16535
28078
32678
2102
21643
6451
31544
32355
3489
6227
1766
10087
30894
17959
19645
4908
31680
28434
11231
5981
31907
27964
13094
28540
20650
26945
12043
9007
22955
4906
20166
9947
29772
26524
9399
27252
7037
21839
1541
19092
25926
22210
3461
6090
15555
21549
17885
10292
32109
25016
16105
10064
21402
11754
4701
6159
1608
13412
7084
15659
3606
2255
26409
23483
7571
19987
7276
3077
32443
11721
26616
3219
27071
25588
10267
19337
14597
13035
24853
6709
7792
21402
15484
16104
15841
13802
6110
22788
20734
9598
26281
19287
14386
9888
27464
8359
7412
8059
2959
7822
2381
8586
17497
31369
6292
26448
111
25931
9597
23114
22188
24663
6482
13602
29535
4557
16511
5669
12529
2692
18516
5623
9160
12890
18951
13957
7530
20168
1784
15932
27366
22458
14905
21369
21104
3741
9038
27712
5195
3001
11825
26160
29420
13761
23706
23222
1628
22440
21628
898
24286
18615
14291
17207
15058
23261
10653
9831
21465
838
9254
28862
1850
28974
1161
2685
23940
1784
28532
25130
13685
27002
29483
5766
5659
6556
2768
31936
27705
19489
26337
22248
14060
29636
7938
20134
26510
12679
12541
2092
30939
8008
28935
24937
338
10389
20293
12672
17630
26049
5774
7288
2486
11575
2163
20277
13442
20239
31356
14247
28607
11999
22709
3393
25188
12244
12649
15789
14790
9985
11822
4542
2745
18422
7713
7846
19960
16277
30067
22377
31687
28961
26149
21137
2774
2456
30223
6180
22121
23875
13863
3027
12214
17291
32512
18292
7822
25870
22161
31154
5440
12274
25400
7427
7099
26233
4095
6875
13810
31702
17949
12064
2437
13120
24512
8157
1693
13636
14345
7482
6167
3935
31832
23980
7910
20940
8907
19049
15538
16283
10753
20511
12741
17667
1572
10213
21032
10233
24358
11378
22025
9985
1098
3980
2400
31301
14567
964
7891
27364
15977
11873
10710
29836
16280
30106
1046
9547
285
32520
8728
12194
31553
29274
6941
25308
16633
21579
26698
32157
22560
3537
7941
3774
26371
29591
10914
22616
23330
25006
18751
26911
27957
16256
20460
24562
9838
5
31248
3504
19198
29241
18440
26956
19930
30157
12560
2596
12735
26652
11367
7310
31603
23906
21934
1204
6479
31272
12433
9123
25594
259
20394
29342
7287
26750
25250
26808
2914
3413
28570
24226
9590
21732
15305
25793
22867
21470
10086
16259
27262
19778
200
32244
32170
7563
4812
24204
14902
26152
29303
30283
9462
3371
20444
19977
6198
25925
20032
27143
31996
4594
10109
28617
10638
31729
7844
24104
2356
27127
1510
2979
28991
4516
23477
24310
18250
13494
17190
30190
23744
7805
23450
11899
9119
5519
15261
17927
8315
5564
4878
774
15813
26180
14465
7374
25677
24648
9697
21929
32006
31103
10330
31529
16393
26410
18293
16572
29917
27978
10117
10368
2038
11792
27459
28249
6523
3477
22709
10560
26957
32203
17748
5854
17476
18100
3437
17753
22204
7889
6856
3950
2128
10206
16008
7872
17637
9148
25170
26735
22251
30127
21681
22509
14047
17353
13497
7181
29716
19622
16619
19037
6836
17754
3417
19638
15105
21416
25867
19729
30177
30837
23200
5020
12954
32379
19512
2830
25050
16706
24210
24375
29178
24652
13170
27099
22659
12944
24390
25024
21746
3627
25096
6
20664
14417
10086
4023
133
4489
21025
7071
10950
21018
22195
11870
14189
27328
10548
22715
27888
23972
638
29243
32404
9099
144
18419
20459
29006
9776
11674
4507
29066
32213
9442
7010
18072
25539
3848
10071
26816
15224
7338
21107
13481
5191
28634
1615
15892
323
9328
12335
15050
10334
12964
26944
6611
19666
24540
29726
6889
22720
12738
13209
31277
10775
6042
32441
1048
9912
15827
30208
9651
23512
16347
15854
19723
11429
11320
17099
11743
21548
3797
27040
16029
15994
30105
21127
397
32001
9022
4132
28235
23102
25697
30836
3962
20633
15061
29381
10423
26765
21309
26374
30924
16904
30938
12865
27686
19733
31649
17510
21386
30136
15505
19274
29443
18201
21571
3823
32031
18917
1987
25350
20058
8690
32670
20914
31963
12066
30012
25487
4190
13705
19056
10483
30322
20690
16206
26740
1764
14046
14909
5802
11387
3503
22093
31542
1509
22661
11210
9986
4850
16454
1809
8139
16896
15139
418
25821
29111
22393
12663
12574
15094
11765
25236
7758
5900
16124
3808
3469
13868
16202
2099
31006
6683
6105
2224
4970
18732
7428
7509
22344
11630
16620
7888
28027
29732
17691
11412
2940
373
12135
24109
12155
19557
1561
7888
23968
14084
5967
26423
17046
14053
20383
18860
24394
25042
25597
1123
8688
12990
21215
3596
4168
6907
159
20649
26399
13230
29472
1693
21272
9087
28852
28166
9900
3221
1597
17997
12656
5825
14483
19452
7318
27129
25894
9935
28855
11529
5605
32269
10448
23685
19550
10008
30346
3586
2086
8771
7102
29573
3195
23013
32056
13116
10536
22444
21179
26476
2729
25651
6214
23211
21904
17622
9366
21583
4391
3013
2284
2342
9559
11863
7696
1128
28616
21921
25238
7401
13386
7496
3680
19091
27764
13459
32612
28692
14986
5572
25519
27860
932
18345
17578
2858
29965
23918
22429
7887
30954
10421
14193
26515
24092
20968
27578
3150
14183
19150
24821
16922
13779
20317
13837
29631
594
26832
805
32111
23204
9977
32145
20660
30072
983
7461
5286
29140
9579
9907
5729
21942
29128
16335
7606
24572
10602
28629
31265
12673
31688
12846
23547
4489
18988
32206
19953
20831
3267
26113
25269
4924
3568
14440
27379
30827
28646
15422
18311
31403
12406
30432
11245
29909
7973
6541
25849
7870
31106
31850
30664
95
8631
19145
11510
8243
9053
17578
23569
28897
31381
14722
2894
16923
20820
8252
14203
14534
9982
28798
22581
4699
5687
8493
29787
14221
11510
28723
23235
25132
2778
22400
21291
23113
14786
21326
23410
3739
29848
23978
17672
3105
20589
17200
18083
6409
31691
13590
22067
30417
2118
15468
24345
4012
29269
29345
10387
4903
23392
9034
123
17932
10778
15135
32306
2438
1297
10310
29143
23943
23428
4053
21436
25191
28788
31890
18458
7630
7165
27389
2819
1747
14055
22160
22681
7525
25721
11333
9598
4330
11917
18009
15243
14887
10218
21839
3781
27744
2253
23097
24204
25024
31177
5683
30486
18171
209
4912
10012
10801
17556
10745
15827
20758
6665
10610
9502
14928
4170
799
27650
20000
28325
8424
21850
581
22768
18457
16076
29981
3614
11693
29691
17422
29968
8140
16894
8484
27565
26770
24338
27643
3125
19986
31371
20960
23762
21403
2321
14643
7537
8250
8456
31759
10191
11903
31568
13870
5591
10628
27695
10758
8747
6956
26763
312
30465
20393
27485
27691
24368
4673
20322
25844
3466
10065
28948
6522
28269
10130
11480
16599
14229
8347
3449
24577
10804
7847
16085
16809
15173
921
6358
9571
5661
20285
22180
27144
11587
15569
19993
14168
19841
22980
15222
27364
26427
31165
30036
19500
512
11231
7389
19460
3679
5452
7739
21308
2556
21735
5457
25727
10723
21599
27305
5500
32539
10857
15534
9028
18815
29260
26908
9715
27849
15523
19124
10131
15344
32094
32564
8765
3764
6923
18822
10625
21878
852
25656
17161
8014
26824
22572
12920
18008
3550
11153
15512
13902
16694
32017
9653
348
28451
24396
28484
14127
27751
2182
6345
12880
24125
10908
26615
20400
25501
1853
31768
17540
25531
5206
12463
1618
9681
17614
4956
31052
5662
18804
28929
22750
23598
24118
15907
3715
9821
30611
24211
27356
20119
25683
4173
29955
15457
14197
32160
17437
10269
3689
14991
5934
9097
1919
12664
7986
2954
31904
17139
12137
18216
22076
7421
18418
30681
2691
3414
11931
32514
7384
21287
2552
31931
12674
13288
12978
11219
2469
22401
12066
16147
31601
12207
3358
9159
15002
28330
3603
19835
1288
20741
22868
28419
1999
16085
10418
17598
4193
2069
9037
21531
24067
16457
23210
17499
10109
32098
7685
13465
10518
32226
6120
13064
20159
31296
27132
14717
20111
9614
15136
21293
18287
8537
27576
20407
14359
26833
25671
10085
25145
30505
12865
29870
28155
11585
26394
9984
25003
14979
28067
21181
16814
3339
18838
17028
27834
3338
30063
11697
2118
10092
21118
14375
4414
27576
24379
8013
25850
16696
10201
14422
22129
30555
9502
9158
9130
13655
32113
23089
24436
3346
23605
30278
9047
13635
21333
24589
7626
11988
31520
15725
20646
22924
17496
19441
5083
15338
12421
1996
12386
596
25743
17434
10099
31089
18828
6248
31223
2003
12247
18295
1088
27353
10338
829
16888
15059
2125
12845
3671
31336
19127
6584
13465
13621
17620
4628
25776
29111
24639
10044
24630
31339
20370
19256
29605
16947
28981
32158
4042
26620
21619
3161
6007
7582
5331
20905
13689
30211
32677
4971
20169
24204
14299
26523
25863
18352
19482
16919
32035
16615
29457
4005
24158
3014
25098
568
15729
27243
29118
29295
10251
11547
1390
31327
17537
17194
26671
11666
14785
21275
5254
4687
21385
7689
6708
16412
14038
12870
5715
18306
15006
12609
29090
18192
14529
11437
22814
20899
27454
24287
9426
2532
10658
17016
8431
5905
6855
19781
27935
22273
11962
21091
26135
29026
29949
20391
19819
12358
8943
10812
9127
16862
24200
7822
26779
18308
8521
26471
13814
22015
18291
24664
26647
19203
8056
10075
18719
7160
3503
438
29259
508
6219
2083
22401
10027
28558
24109
12584
14622
17978
30941
14397
1201
3657
14486
26787
32522
28125
23102
15803
24535
122
926
7477
12502
14451
28428
25638
30363
29858
31303
19034
22158
7772
7330
4075
24115
25508
2149
10514
20398
24991
31600
23614
6022
21321
801
1635
20393
6245
14200
31125
29616
10426
12665
10709
10853
18300
16594
7211
18562
2825
9406
19445
28860
3286
19497
31358
29952
21928
24853
7378
23805
23047
9020
23505
13794
6895
22007
23171
3945
16074
17758
13995
18964
13979
9905
30623
6838
17276
22519
24406
26422
28746
17124
20931
24720
21407
26368
18017
32284
11776
20230
30736
15891
14424
30090
18207
20303
13989
23775
426
2130
8946
24120
1574
20362
1157
29709
29754
22740
18265
961
24528
23614
10191
27265
14957
10769
1696
20847
26301
16399
14614
3328
10867
17401
10620
2978
29264
1876
23507
6051
7296
30829
10950
28750
15661
9371
20704
32343
4431
12228
4605
10105
5057
25890
6398
1373
26778
17735
24001
958
4794
13663
10065
10699
10147
13238
32345
4812
30091
13690
9183
23049
20399
4545
24622
32231
29929
7629
15892
32341
17541
24207
1614
14950
13649
29547
3905
20799
17139
7739
13547
2612
17791
3222
3352
2094
26441
18002
11225
19536
11512
25927
3122
19418
17372
31318
28947
7501
2690
17323
21129
208
1925
6206
11062
18386
17062
11424
14847
24561
13343
5364
3076
1306
15925
10299
25301
24306
25869
10454
19171
3445
14528
22085
30260
26845
9649
19509
12123
30918
7967
21178
30888
26255
22518
985
11164
28419
32235
27209
11423
5945
10951
32122
1781
10424
3
7895
1263
14559
8342
31817
6238
16261
32011
31740
10061
220
9686
5477
4336
20123
6120
15236
32471
25692
14209
15462
22119
25410
27974
14831
24203
12512
6547
8150
28071
15702
21010
15089
13262
29885
7565
21939
30004
24518
8704
32243
18662
14237
30963
22510
12216
28948
7686
8848
6015
765
11214
20719
7809
27607
23263
23833
11050
15022
30506
14351
11265
7996
16266
31505
5082
17748
25497
15900
26188
32641
5064
14258
26725
1258
22447
2521
18845
18040
7841
24678
22793
7995
16004
17531
6865
25610
21727
18767
20964
5738
15925
30253
20970
16050
6034
4544
11643
12652
32355
12941
5262
17405
650
14529
30516
13449
32434
5421
16518
18705
19168
399
15835
27102
32075
3603
1599
15139
11630
10265
30241
31198
27995
32313
4940
8191
27986
25988
27929
5068
32146
9229
19682
26244
25199
17577
19129
26178
11941
22514
6746
1829
6124
18066
9311
26542
31181
6334
16307
29801
31411
22272
8009
28368
1861
26682
18446
23404
6131
4328
8988
6973
29903
30629
48
13404
27551
21233
7262
3551
11312
9265
259
8957
16109
9207
20220
29043
18863
17284
18965
10021
5847
26507
14532
21257
4763
16440
27672
7489
12957
25201
1004
19079
31682
1628
17248
3790
6721
3873
2442
29478
16378
16369
17000
21217
15626
16967
25625
13300
1692
24941
19533
32416
8193
8003
4603
22609
6660
1596
8018
9670
7287
23721
10225
30834
11794
7482
20314
27426
11902
22721
5028
12769
13996
25914
20593
24856
21355
32265
28192
12282
20026
14722
4420
14879
30810
30638
24148
1135
11304
11852
9636
18754
30890
13847
2963
20422
11112
32071
262
21152
11389
17242
8214
14806
24813
16916
16646
11244
1849
26565
23416
14925
16945
1738
2016
11501
17930
7766
13624
12589
23472
8307
26358
28671
11869
22851
3899
20298
5995
23436
22861
25232
23655
5747
30791
20174
4966
30856
19983
9635
8604
17411
32393
31669
2090
30797
17162
15953
29496
29891
4624
3153
16196
14518
28464
5699
26809
25782
30543
18887
6596
24848
32021
19513
19043
19861
18847
2192
9919
7837
21876
21638
12219
2892
3515
28922
18893
12564
31147
27026
11789
4219
21570
6052
29067
18207
28218
19543
5862
10999
27705
26117
24090
10971
13640
21732
18074
6215
9606
21222
30623
15964
22813
21213
703
27175
9078
27363
13505
18470
1705
15865
26800
15112
16184
10478
4398
4021
14332
13955
27659
12942
31327
7884
5142
18934
28364
21977
25907
23057
356
28054
26286
21963
32499
20208
12239
16669
15906
3641
31407
18572
26862
24270
22857
29170
31320
27127
16596
19072
17502
3342
24401
13828
4651
17124
28512
17256
14987
15456
32343
10875
13985
27753
22677
22261
4316
2822
4116
9397
16423
21444
20798
12620
17248
857
31234
26303
4364
22662
10022
9097
12105
7234
11231
9184
2051
29972
10143
4153
19819
2497
11822
21774
677
14119
13820
10207
31937
23913
16566
23927
28653
2124
29207
30064
23785
30433
2305
32505
29371
18021
28364
15063
14499
17509
20702
7850
5201
11301
30843
7538
86
21315
21727
22865
1753
2456
27530
8851
21643
12383
8924
26603
30685
19609
6881
31743
8304
6320
2158
21543
29388
22874
18029
9330
17494
31168
4469
31979
21372
13024
8606
19482
20531
16943
5779
27341
18595
29571
27112
5400
20000
561
23470
29850
26205
5490
3397
8194
7388
23564
15986
13266
18601
2862
24753
26723
23112
17563
29901
18729
17900
10250
26285
28985
24042
5069
23409
28936
12652
22706
9662
16758
17258
25895
21589
26635
11734
11169
3819
12416
1303
18494
13621
8065
4025
10665
29762
689
9827
16702
17933
16879
20489
32366
3923
21976
28258
6501
20386
1932
3741
28907
6067
23989
12880
32648
14841
23238
9393
11244
27002
28801
12296
30861
15070
19644
18276
22162
15301
25444
30861
8176
5214
22978
14907
31955
26422
14077
27269
14399
25421
32225
4508
18423
15471
5086
15545
2974
32193
6484
1364
1820
27291
5902
6295
7235
24981
9484
21266
1971
30181
28293
17584
9466
13032
14124
12522
15872
15870
17843
24378
27043
19099
22413
20435
15774
5275
505
10383
22447
21718
9276
28201
505
25589
20269
23980
30375
32644
17911
31275
1746
25928
31771
8883
10404
14546
13492
17534
12478
26452
9983
32105
15064
32180
19482
17064
1447
9439
14860
24505
17924
14432
12294
24982
13642
11057
14313
16943
24320
11984
263
26647
29112
20630
22574
20094
5942
325
24803
26975
6101
15072
29675
6650
19751
14527
18192
18309
10204
30178
16929
28703
19685
25990
9531
17925
3545
6646
25671
11528
16535
19876
23492
11327
14893
632
17095
10233
28920
11112
32319
30709
2573
5193
14718
11734
21976
31716
26613
8145
3
5197
5183
2985
30361
23920
8290
26077
19564
3565
23377
10528
6836
32294
4021
14857
9720
18837
28652
13068
18994
6756
850
11433
29230
21303
30912
21987
7731
2893
595
28916
15845
4295
7791
2111
24938
25927
29187
28550
1484
26813
6158
25949
158
9854
2658
26846
20195
30871
1960
6047
19243
30048
6820
10209
3839
23380
9914
21258
895
28447
7601
17494
25930
32761
17080
24521
16286
1587
7846
30056
8897
4111
2438
13480
6559
28885
27987
29735
8884
26147
9728
8602
12332
10117
8891
28166
29513
5189
11379
2612
30470
29573
30104
1887
19962
31370
22306
12335
22398
3419
24276
28139
24594
28043
4802
3562
8445
19283
3601
31562
25396
27876
23294
16613
18813
24570
11809
26497
1492
27061
26355
1095
32270
10405
31119
2935
9148
7459
9653
15193
850
3048
7956
13175
20105
28376
2761
3081
26113
26655
30243
433
9771
27519
10921
2408
31590
4584
862
24760
360
19274
10051
28205
12768
25255
19742
1542
26201
2156
27770
26415
12642
22273
32751
1140
21228
1439
15523
28143
19443
15714
25361
28354
21857
17567
3337
13068
15919
29815
7416
2581
29901
11436
12906
6348
16324
14772
18381
4212
27034
24844
23928
15770
25589
1999
21996
842
9732
10119
26457
5762
18971
1347
18020
3559
11933
24298
28199
6583
7711
718
10617
30719
17098
1412
16752
30990
26881
2548
29989
10281
21828
20396
7863
27776
12629
31610
10643
13921
21657
20025
15858
3244
27584
15851
17827
3719
17321
9480
11786
15698
15231
31766
2921
8926
8745
20858
350
10201
737
29582
5293
11917
9506
243
19008
17867
17352
21289
14188
2081
16243
30556
26486
31571
20524
10625
14934
1033
31307
1442
8378
16838
19095
25462
22862
26393
7600
4149
4923
25111
30378
23210
6637
26888
10491
9610
28186
16225
22935
29700
28672
18163
7001
9369
32494
12641
10917
20014
12805
26071
3148
29536
3648
28409
5039
23
23986
1306
5160
17758
3087
2223
16805
26482
11374
259
1174
29208
3149
29484
17674
1844
30678
9533
28948
23448
4961
8637
17012
30234
28217
3928
1907
25833
12963
12501
29455
23841
5916
8520
14424
30876
29923
8329
29978
1548
10167
996
12220
8006
6882
7954
27752
31201
10102
14696
7533
9728
10199
25423
29409
12140
25721
16372
19850
21734
15851
5953
22783
18875
14357
17419
4362
13720
19134
21133
13905
26272
6993
25365
30261
27068
992
9469
18939
32050
2921
32221
20777
4474
13144
12543
11059
19533
15950
6931
5207
16894
21537
22052
18886
22797
10020
22987
30980
3066
32424
27555
16017
32087
19138
29692
30665
4641
9551
2772
27657
1616
25654
20739
4371
12205
8429
27061
28340
25316
22847
10269
26020
11994
3404
17768
23981
25152
32465
13040
7951
3945
30121
23731
23332
600
11668
28675
10304
23838
20792
31359
29915
20067
9829
30017
13810
5698
20381
4185
21674
19802
18132
21114
7991
8737
30068
24820
16636
124
3492
994
1523
22413
2250
15013
27984
29132
28494
29841
20321
4954
19874
16869
6841
21138
31359
4353
27789
24288
4721
19411
2142
10710
19605
27027
29400
9852
3233
18608
13307
4840
22054
25866
1144
15
1298
15969
27230
3035
28537
781
2293
382
21653
21232
10218
21509
15627
11946
13741
10032
12399
26379
18712
23169
25611
8398
26193
19091
18140
16516
2801
15533
3806
21198
17766
10391
11146
17615
23446
21676
16796
225
17604
30769
5145
17287
31416
22501
32401
15524
26138
4313
25761
20714
27168
1410
15037
3988
21353
8461
3116
12376
11816
25842
8788
11671
18308
29900
12600
20184
24127
5224
11583
14196
18070
19484
11831
19858
1385
10074
921
3414
9884
16772
24079
7254
21181
5378
12851
12622
26599
16531
14490
9236
6630
14048
12049
14798
23963
3159
16166
354
9122
22326
11755
21550
9779
21990
14582
20218
20038
20363
17580
22314
29691
25305
16320
56
32312
14121
24566
25954
9620
17356
7213
19360
24180
8607
1948
8153
11891
6879
29276
9558
28936
27967
29478
26743
20323
29240
15967
18853
28567
8609
28241
13447
7934
8831
8380
22393
31705
24094
3469
28474
25144
18785
31469
31460
8218
22614
12925
27682
13524
20493
23520
10141
8119
27307
24699
27063
493
442
15480
25468
6052
12995
24849
9173
19567
12831
3083
8447
28392
16394
14464
30268
18331
29689
3298
10697
5919
21038
27197
3855
16262
24457
188
6429
7416
10145
3439
12630
20890
26899
9547
26215
2228
23578
12659
1917
29972
18272
182
32692
3757
22292
4696
1490
21380
27197
32277
29749
4045
19022
7523
23818
29008
250
23032
11968
27154
16457
17804
31932
9778
4332
24288
16463
6417
15054
10239
9701
26037
7147
29123
14975
9840
24933
156
3427
22460
22228
28301
6673
27242
16350
28279
3706
16636
28681
21658
16749
7247
5324
2137
27986
15229
26092
17213
794
13057
12294
16701
10614
16156
28007
17981
15431
5496
24868
7380
24662
31244
26728
29266
32582
6975
30216
13314
16327
31056
27741
20908
19980
23797
18770
2398
2174
8514
22716
8300
25778
21709
24810
11702
8344
30224
32125
22825
5110
20238
7290
13449
13845
13370
20894
4461
11195
10900
29682
30859
29016
14613
14751
9781
30084
26957
17922
12324
14249
15179
24067
14453
16125
4285
13987
20977
32180
21336
4565
31121
29811
23162
7567
18753
10759
21518
18720
18405
19287
13489
1220
31386
1943
29458
8054
6974
31935
4767
14085
6194
18492
16734
28266
16734
4069
3352
24153
18038
5936
29629
29718
27260
13478
21252
12938
4231
15252
31570
2454
1474
11780
27101
14247
11447
19179
28177
27019
28110
19620
15923
3203
4368
27549
16196
1689
25905
31057
1064
18739
22478
10102
18439
29161
25331
20343
26612
28052
29664
20004
8140
20903
12045
18345
3681
24515
13675
26556
17624
26501
20205
29211
25936
31395
7751
14134
5317
10039
16886
16680
17459
11354
1664
19692
5374
23797
3581
25550
23697
9428
4310
10527
2885
25596
7117
12333
31365
5183
28477
28275
26161
27917
25507
7692
5439
31117
30558
9326
30120
21740
27059
20820
12162
246
1812
2556
29545
2787
2722
13459
2084
29299
14576
30702
23430
1853
6154
9082
6801
12355
26806
21366
5346
20939
17657
9567
28489
17770
2013
4268
27063
6242
25202
14268
15453
1070
16915
17677
20498
21850
27626
10414
22005
13464
29111
18935
596
1553
25548
375
28365
21241
25692
28462
26547
29030
32758
252
10420
24162
28493
15706
19640
32318
9786
9800
29963
14122
21508
18566
27583
6659
14558
19207
17740
3436
29873
4771
17786
12064
13084
19980
2945
24455
22714
32259
18798
11143
5539
19916
2760
2204
309
20447
20084
5931
8980
29408
30678
24339
3439
17105
23353
14982
27781
19079
26993
25367
12136
10586
16062
21779
11777
12577
6388
32021
28757
8286
30937
25557
31494
19637
29391
19521
17693
20899
29363
30671
15110
5996
30468
1297
29404
18005
1864
7306
30184
31252
27051
24512
17252
18821
23530
20114
28804
30366
21359
5836
2487
23205
2238
505
6442
25248
21007
30072
30349
12302
4412
14546
17435
12756
14558
30283
15572
18810
11443
10679
14349
20631
324
29071
1579
4746
24260
30276
2732
3691
2874
23507
14183
5442
24547
29082
19732
6262
11729
5226
1294
15496
21977
30429
2136
1024
6060
17386
22494
9896
23620
20406
2558
26873
32642
19117
327
2003
23829
10962
129
3185
9373
16211
16365
7323
14608
8801
26574
6941
8029
32062
5159
11385
16464
21144
17863
29657
438
17173
25731
7239
31425
47
14019
544
18350
24898
29248
4294
16548
20195
18955
10390
6112
30836
7634
8474
8975
2037
11871
15231
21499
18461
31585
6473
9322
28842
11887
2885
31043
3317
14154
19647
16627
12489
32098
32502
20751
28533
19100
30925
18235
18720
21331
16067
29002
605
32669
14117
167
6656
22991
28291
3315
20783
17987
96
10735
31164
26712
30765
5277
32434
22715
15993
15266
23341
4325
26210
9967
29551
12261
28495
672
1073
31840
20193
20772
7223
18390
22310
2207
21543
5926
19728
8076
14491
13397
17190
19623
6773
3467
3194
32266
14707
1374
23515
19350
32003
6227
25419
26772
12120
31650
1972
22684
28349
6458
31958
27574
18729
3333
23940
17856
13844
1901
5136
29968
25226
14623
9988
23642
894
11279
15890
29651
8800
11708
29518
9622
6130
11957
17563
18759
10583
15196
14691
759
31596
29162
4236
2376
20572
6579
2727
5842
17263
16300
9322
2757
30499
31786
21856
31951
27006
17900
9951
18496
25250
30300
14139
21100
12706
25362
32057
4176
11156
12442
24518
3961
8424
17015
30185
1570
15608
27751
759
11933
991
18665
774
29172
25231
22781
23459
9679
1310
20779
1224
24984
26465
14278
15880
11998
21436
14450
9229
6391
17464
20708
14916
24554
22998
15081
15575
21132
24100
14250
20188
5096
781
8238
22732
20452
21749
24352
11062
8994
4870
14291
14772
14885
25028
32387
543
27573
3048
9694
29695
21124
17771
17858
27717
10769
9441
32585
6461
29389
18184
25091
23230
8573
20641
13954
29348
24031
17022
21020
6527
5264
21469
22508
19341
24621
18164
2842
25062
3512
27597
5724
19447
16446
17748
27837
32049
30647
1199
10142
25346
32558
20173
1530
30469
1570
66
28910
16758
26923
25426
10616
24552
28129
3147
895
25658
30201
20505
21011
8135
28081
2324
26871
11997
31087
7708
22364
22641
9892
32744
16368
5648
9207
4251
29207
22553
17568
10648
10360
23082
21265
13208
4284
7128
30428
1274
146
20899
12753
31322
31735
25128
14438
32100
28852
17305
10589
28138
19240
19819
26784
8501
18503
21070
8560
27545
10467
5730
13246
26700
10795
30120
4313
29561
26481
20151
19274
2703
2352
1456
24060
1759
25933
13171
28321
26214
29853
21779
3920
5863
16808
3976
17267
30526
13484
23460
19424
752
24805
11849
32326
23558
14092
28888
11211
10012
16670
24044
23283
28085
19294
5705
22724
31441
7837
527
25896
26050
12217
21044
32402
16187
26724
13872
4324
5290
27942
6650
2961
15815
1189
52
8958
10349
1061
19618
16687
5802
25931
4833
27039
786
26918
15702
5231
8024
27760
8292
17603
8479
20752
19938
24170
20749
8420
15564
32445
4129
19902
6456
23753
18247
12972
20620
29872
29994
14973
11759
588
20042
20352
6909
3862
9038
30863
22719
5958
411
18252
17626
2620
16933
31659
32518
10783
31365
177
706
3780
1101
9851
2375
20433
3736
15745
18362
6690
28133
30492
23973
13419
7717
12102
1960
14111
11026
929
27244
31633
29379
23484
2521
1626
30333
18065
16521
28922
11725
20818
19324
5826
4051
15205
15885
2289
18145
11181
29220
3613
16965
19211
18606
12500
6754
26660
20042
8580
31494
2149
6213
28568
2039
2629
28105
24036
28623
15562
4433
22083
8458
4175
15968
16510
21854
17540
12147
16496
26443
14262
16436
8040
9714
15185
32752
25807
6954
4515
18507
25099
30673
30946
11315
13730
6752
26481
21266
2467
25538
23903
5192
4418
20071
28465
26328
2498
31636
28129
31073
17048
11005
20518
1617
28877
20629
16630
14421
20900
15525
30537
13076
24701
2587
15137
5148
9209
18213
15303
28
22111
3071
6999
4181
27966
29706
21374
13387
17492
11549
22403
23488
28591
4383
6020
31970
30994
32214
18691
19140
3226
24314
6305
12299
22689
7822
10536
25066
9443
28528
975
8016
25823
9774
23994
28767
18817
5147
22209
31265
5629
6306
5490
14966
15358
23771
25689
16465
768
27996
13439
13348
16122
9810
10544
17561
23105
9680
4353
19331
13993
14438
28690
16148
10733
29686
32657
17232
6481
29891
18047
28609
30853
28875
12215
7533
12237
5463
16684
20741
11615
25296
22642
5471
9740
31444
4224
23078
18723
5257
13492
10961
27539
2865
25879
20945
28239
15103
20451
15375
25591
8233
9282
12437
14772
27711
8793
12427
26468
1467
27781
4966
27383
9689
32228
13148
4888
2217
27160
15899
23824
25442
19015
32186
27112
5369
31590
11760
20174
17650
4536
12676
17595
25719
9617
15364
31570
17831
23904
17338
4874
15664
22764
20444
655
544
25054
30467
27494
16376
1408
8670
8656
3842
31684
26152
27634
18149
32648
3543
15410
24439
31768
7831
27364
21458
13301
30070
13094
15274
17621
19169
30472
3806
11498
13007
3825
18252
13671
27964
10302
21738
26177
6873
30507
6163
26418
10754
16375
22046
29188
4080
31555
23605
14860
8752
6588
17508
27893
9299
11001
4337
12479
24040
27558
4588
17158
19623
32483
18694
7560
18159
22247
16295
17378
8819
4329
826
7834
13104
18496
15308
1890
13986
9417
4309
27291
32567
10377
20565
8729
29700
147
3107
27942
14518
23852
8578
10697
4556
5422
24310
13128
22788
6314
15446
2539
5651
30417
22817
10243
3993
31509
13589
10283
26708
9611
22270
8398
7316
660
21965
22761
29679
9660
30697
14866
15157
19426
23754
9146
23207
26778
25795
943
7267
8911
19231
22500
14115
1197
9840
32117
28967
25277
17188
28902
28528
15954
3161
25516
1327
10021
30451
19182
6013
24636
8939
19340
26956
19472
9961
10081
25502
25582
14870
4037
11765
16030
12331
342
11018
27203
31695
3321
11713
7554
11039
12827
31325
998
4750
11837
26608
10627
6639
26031
13846
18906
24528
18843
27363
1533
9994
24390
19738
17908
17046
19603
20128
18782
29602
3529
31536
11099
28132
14485
16207
23978
30255
28755
7043
24335
20292
28553
6080
12536
26858
19124
2851
20575
1345
20552
3043
13810
18515
10738
7044
8562
26092
8992
25421
13401
25004
14531
5373
8127
5466
22099
17338
27006
29051
25620
18762
3221
11299
2713
2949
30922
21004
20358
13834
13716
28133
28570
15410
11319
14828
6636
14146
23857
4031
28788
29925
1237
2671
29134
18905
29494
3799
12347
31976
6982
11820
31209
24090
7487
5845
22132
24105
20546
1916
32172
14901
3902
30821
11161
4025
19732
28414
30140
27838
13305
12216
1432
12366
21531
16918
23665
20268
9607
31491
1108
20674
24906
361
21079
6235
30166
255
7714
20114
6824
32611
4782
32522
18216
1896
31821
15968
4305
7857
14315
27742
13457
14719
10131
26226
20339
8391
20533
15966
2683
32392
1190
18736
15825
1115
16872
6773
20259
24652
8364
16298
20292
29672
21
20467
6937
407
19903
9232
949
17452
3840
19084
16835
9403
3949
3127
14372
682
22688
5335
18906
16907
22329
5147
18213
5161
20771
27344
13803
11873
4377
14423
31069
25396
27496
23639
7384
20890
32758
16559
17929
7832
23939
32687
4693
27924
27183
14983
25464
2025
13628
13311
24428
29239
5654
873
10124
20988
15504
29652
2809
26857
5745
25475
14397
3950
11823
14238
12846
26136
26362
14374
3093
12572
14844
26670
12560
4660
22752
11849
15029
5289
22929
24895
6904
16305
20292
3332
7503
8956
29880
1002
788
4490
19388
4117
16170
32447
22003
22831
5347
12729
19156
21086
7713
17121
28404
17523
31932
6080
28808
18533
15140
20757
27941
17917
8264
24356
1227
19154
31414
12368
7714
19832
9987
11756
16387
12533
21869
31567
9274
7284
21183
11046
26507
31550
22645
24335
31475
14565
10273
1379
14895
3522
30221
10578
19331
28578
26402
2358
11444
31421
9736
26401
4438
26344
21391
18360
30286
23819
22094
4933
3727
16596
19850
19719
27943
17069
11097
21709
4223
19948
14854
26307
13022
10058
4280
19851
1072
20375
15183
31375
12550
32428
6543
30870
23261
19104
14720
27798
26019
20287
12564
6345
15991
27063
15115
5635
32689
23701
6932
14147
5666
28656
3381
19336
19357
25060
17516
12774
23221
15171
15511
29656
28617
23686
25489
23000
15166
22282
23966
11821
30988
26233
26889
8709
4476
7813
9483
2243
14128
8413
16367
23962
9827
28505
20596
18267
26994
11896
24179
3723
18075
27661
24257
14777
15109
15925
9815
17422
9985
20108
6320
8742
3984
9633
5491
2334
6437
19111
26962
11247
8108
2925
17970
25338
4042
144
1676
29156
25959
8687
16403
24483
29546
32607
27031
5337
22723
29088
6185
13409
18095
22416
6016
25128
31799
13215
24987
27711
6906
15747
14760
2606
14637
15405
28197
9866
21728
15355
1605
26314
3203
29999
24213
25942
16552
30368
30943
20961
779
26799
846
27641
30415
31869
23252
3036
1546
23387
3273
11662
4228
10882
7125
12840
30652
30469
3087
19315
11308
7683
31334
17845
8142
1313
17217
9163
16863
14135
31842
16760
26595
14666
17936
28669
18409
11195
14197
16618
26640
3005
27205
29491
10058
10508
27040
13958
17248
9181
2106
14556
55
1808
25017
12879
21585
21165
2910
25387
16022
2702
14312
14407
10581
7513
21173
2454
32390
14258
22059
9977
20818
22446
24918
10071
16597
13450
20690
11760
30754
20125
24300
6638
28551
15243
3844
21565
21267
700
26678
12189
12886
7692
17209
3830
23912
29380
12166
17899
4909
22218
13245
26545
25814
30228
27973
30754
29355
11362
21299
13069
26120
10029
8302
24017
19622
25562
10512
22314
14620
24116
7951
22858
19622
793
2588
8748
3620
15219
30411
30245
12902
9067
8437
12476
14758
16857
7515
22459
1622
21502
18059
25734
20765
373
28936
14252
7708
3175
10917
27324
6005
20991
2354
29786
28942
12061
19546
21137
14738
7503
22220
12139
15545
7165
17049
13247
23242
14819
5341
31819
31070
21188
21666
25858
29030
21853
2305
7847
7791
9625
25226
17051
29477
28419
5095
22772
14102
31616
7611
1230
20921
25150
4560
19174
18095
8936
4466
9829
18248
284
2838
24569
32073
13342
31552
23338
29421
16078
13475
19948
15401
983
29577
5744
17716
27178
16501
9024
27207
9643
26119
8587
15522
30761
32289
26045
6351
32404
23112
16979
29226
24170
19277
16622
30625
26483
3116
29094
30137
32174
21556
17568
6609
24459
21608
8675
31403
7258
9254
13159
2600
20228
24838
5487
21587
28921
1541
24857
12193
22889
15843
17716
17016
15543
13513
8529
493
16427
11567
22301
3538
30183
23549
17902
3568
21788
20464
9371
29841
637
26688
11665
19010
31988
7808
20771
26326
660
10181
25122
15278
16848
12554
28846
4920
10986
15059
18251
27062
30126
22545
15928
17217
12127
21574
22780
8973
25842
1257
25153
2030
15738
18956
31205
4635
6372
572
18767
13875
1764
30121
20991
8573
10799
31879
2665
13172
23531
25779
15620
12419
9059
23194
23966
4621
22016
22871
18674
6064
29557
26139
8828
32203
4665
6866
17548
32061
28730
17411
30362
30832
31696
5624
24025
31127
26863
15648
23566
26163
9890
19889
20643
3036
18612
22161
28663
27198
14768
7031
9465
24162
18701
14926
12533
4911
27042
16346
32174
23344
13408
28573
21932
22423
831
17148
30423
4226
14457
25502
13125
25214
1527
9493
5201
25929
18696
16832
13293
12253
20057
24303
16441
7593
4642
7241
23892
31010
20637
12907
22897
12154
31420
25810
26414
29103
25371
19195
21026
26312
14132
13512
25013
21340
6354
11814
24117
23123
27592
26093
27686
15088
11234
31752
12761
12304
24348
31445
31552
21676
30738
32718
20480
12709
15544
22378
12232
22721
1355
4158
26849
12528
26503
18792
15623
22485
8731
16429
18552
15489
23642
24801
24394
22402
3635
24327
21761
9244
9315
6330
25185
16086
13545
18764
7553
19769
22458
20268
14369
4820
30647
2317
30781
22403
12252
3652
7907
753
2234
18034
12609
4444
10791
9316
22530
17816
21812
2103
18651
15447
14943
3264
28256
17575
10
17451
16925
8636
3372
10209
3298
6640
27719
16304
350
30472
23194
17446
25839
23481
22423
16445
15033
4715
18583
30270
9462
14652
1229
3039
28812
28488
23928
16814
32485
26408
30301
14771
507
696
629
4433
16050
23581
14563
21102
18795
24583
5672
32724
28886
23860
15770
16598
19207
11574
3859
28726
6349
23157
17638
4678
29503
26487
11799
30286
30615
7007
22731
1838
25924
30644
16637
3908
25146
15204
22387
29584
22925
5897
29936
10774
10302
30314
3500
28548
3157
837
14593
21
2607
17740
24935
22453
15386
877
12450
15718
16415
19030
3130
7650
14367
15417
13868
31106
4130
3532
26079
26974
32491
21653
27993
32694
29904
2660
16051
1937
27848
27169
26058
26531
21446
2503
19000
11380
31301
21937
19843
32191
17444
20757
6547
792
2741
16334
13162
31698
25873
7518
9743
3616
19118
1331
22987
4474
17459
28713
27544
22595
7818
27473
6359
15528
21559
11249
4929
29899
8425
9419
20768
29217
29519
162
11711
20504
12589
9723
28191
5630
431
10273
32235
20510
4605
18795
30894
17452
2063
29377
21316
17635
6083
17501
14735
26860
28205
9167
29803
10498
26414
27460
27619
10580
16712
7687
6565
12842
17328
17992
32691
7116
2725
24605
30556
12704
28161
30150
27755
20626
13838
20789
22686
17592
4762
26318
4953
10806
2126
23915
18844
21856
18491
22435
12851
1567
9654
25164
21036
27286
7782
11326
25998
13573
10395
27482
16456
18669
15329
4811
15208
17269
18390
16012
653
25356
3384
30762
21919
4688
3394
14540
4797
6702
825
19568
7287
16203
7234
31351
28734
20131
24950
5988
280
23921
2104
25569
10905
16462
7366
23811
20494
32156
15119
25038
31739
16165
18885
20988
5064
1792
27570
2554
29623
11189
6991
24628
1817
24480
9363
1938
12482
18331
28937
31554
6074
25815
23077
22457
11317
22027
30168
17652
30917
13265
4450
22020
5071
3148
20072
457
17724
16911
5702
6398
13424
21050
22438
23925
12928
17894
16978
7844
29855
21188
30022
32609
21210
28416
21258
18666
24326
23660
28734
28456
26614
28378
20598
10805
15601
4553
25929
18715
17762
20805
933
8671
16594
27144
17253
17086
17172
9445
32038
18614
16575
359
23126
32584
16354
29621
11149
11645
242
14776
31009
13351
13319
2944
501
24937
3656
10980
7313
7545
21412
5737
11896
21669
10436
25446
11701
17044
16701
869
24760
719
15881
30923
20576
2687
20536
16060
8281
28537
29667
26681
16808
8311
22370
14987
13188
29352
17086
18149
18024
10348
4969
18245
5478
21848
8237
17051
10686
17281
6499
15405
31919
15863
14693
29242
19341
25743
22854
28637
29204
27878
15808
30261
16124
29858
12397
195
30413
18683
14650
26899
30965
18299
3098
28063
15128
15361
32503
8176
3751
24588
7150
32262
25780
24374
9147
15098
1029
1279
5234
31458
25959
30668
2161
1525
10820
9520
402
14064
24952
17257
29861
10424
3681
3118
10525
26432
9781
5288
16649
10157
30617
26302
32070
19384
12399
16277
4595
13396
30191
5975
7974
10129
17145
22068
8669
19905
169
23207
28984
2521
3373
13563
7141
12570
9427
15373
14811
26096
24934
24403
1611
6682
17339
23069
21971
31755
31623
11291
15606
21392
24947
31520
31433
4532
22387
16933
31726
6113
851
29073
2502
31303
6035
25784
31203
16769
7796
20641
29116
28534
31571
4108
4773
19326
5686
28851
8702
14791
26021
26065
426
8694
19131
17377
3267
10513
29564
27048
11403
17052
14185
31349
14758
23810
8786
3496
32135
11575
8556
30577
26665
23964
1699
3802
19967
9251
22065
5384
16941
947
4720
8637
24824
15566
31212
14626
7803
12657
27581
28356
28060
16443
26132
14812
21311
23250
21267
24275
14778
23427
6114
4613
6280
24104
6655
14278
17473
8271
11989
26018
31433
11416
10641
2281
32712
21855
31537
22124
23899
17051
6365
26497
7434
5894
7291
10317
3321
28799
21374
31554
25954
18348
12286
13798
25154
29411
20494
23254
9555
20555
3914
13579
29755
23358
22191
14429
9987
12530
7856
19269
23242
18521
22405
24039
15547
24901
11207
29264
316
28368
20794
31228
23400
251
23530
11419
2240
29077
18297
15380
17693
22623
10935
2507
15082
2669
18803
16672
17295
10447
30865
31544
3120
625
2141
20479
29336
19776
10527
30829
11888
31374
32240
26121
6837
10936
20939
29612
13161
1030
8935
5000
7048
28882
30788
7784
16189
2285
13700
10297
26198
10814
24829
32202
19190
1196
4108
12240
2185
7487
28076
20269
30461
3201
3911
15986
17968
31787
3020
15522
28068
10237
2305
3385
17530
26094
13083
24940
21918
31109
21132
26291
17471
13959
29724
7813
21634
14034
22331
25442
27767
10121
5781
16151
8524
29041
16104
30270
9408
16539
18450
27908
9947
12100
9327
18735
32732
6137
23137
30047
13940
21247
23600
27027
13873
25329
4629
23792
19005
21675
19089
17598
12360
22119
1283
17588
22467
18982
19066
29813
8527
22354
2248
7770
12917
16289
9176
23410
12695
31548
12609
12487
32294
24609
4634
4579
14614
22725
24337
27795
12687
28158
23223
8683
2534
10273
24094
4234
10443
2919
29606
5152
19140
13206
5140
7725
18394
21213
14820
19467
24977
6143
16097
7726
11550
16308
14322
13483
28117
21836
17207
13559
29665
26261
31828
15601
21303
12031
2829
1827
1741
32254
20
9285
21510
23728
29726
28163
625
14016
7484
5889
15284
2698
20073
31771
10179
25727
5471
6897
6486
10699
27312
20899
24217
30262
10257
19417
2597
4424
14585
16647
18479
16049
14699
26607
5119
28136
30479
17255
24996
3345
2184
11356
4071
804
28418
15639
13949
5452
30218
447
9345
15245
17827
4639
8993
10410
23190
30890
20631
2374
22793
2748
10075
15945
27987
5667
1430
5765
12047
2014
18650
19354
14959
28708
21009
17942
29652
1961
1460
27873
10651
6684
7230
985
2105
31220
22239
23993
5258
24940
27764
25919
8294
25804
17079
16782
28022
23019
18355
6609
29253
22770
32636
15393
30106
14946
6684
11177
29702
13913
9680
23047
953
2321
12661
4086
10905
16553
29501
18730
23190
6184
18342
1916
2103
959
7341
24903
3961
21070
7486
20242
23258
2090
12528
31855
177
22302
9199
8226
19136
22447
2873
8070
23564
26532
14606
301
26861
20934
21921
29383
13665
8933
28692
26181
19877
20507
7075
2622
11527
4693
27936
8593
18166
6926
27807
32332
9819
1630
20338
9164
5932
11828
3672
21542
3645
17119
11249
3270
17242
19668
16245
13910
12692
31659
6054
3042
29144
26218
2563
32057
9158
8454
16959
4246
22719
19239
9713
1919
13632
31788
8333
19182
15471
12399
27539
25263
31220
7114
9990
31753
32266
1370
22048
17312
24534
4226
5188
5786
14839
5939
5684
20225
21854
31083
19332
12136
30304
1532
13391
12754
9
24719
16168
15823
25012
2280
17235
2536
728
26476
27446
11325
8485
736
8970
7789
21712
17267
24534
14518
12075
26367
21150
26718
10104
2700
23511
9553
18943
27926
21279
27403
23902
20368
30507
14520
29217
5672
6657
23706
4242
3789
23911
3756
30930
238
5019
7813
10537
27269
6212
14462
7835
3669
13737
1559
956
14191
27169
11671
16837
22011
8650
29939
10214
22837
14462
3057
7390
27318
22531
16781
3786
28405
1666
10396
5434
28429
31035
28591
31114
20417
32630
28730
6512
31165
6589
14582
22481
22302
4424
6019
4057
18997
9145
25938
15946
392
5898
7106
21780
19738
18883
29577
27943
22765
4976
4950
19077
28868
2386
4533
26267
12589
31573
20018
29905
18879
15682
26049
5472
13473
4150
18013
10851
1868
16467
9712
818
16529
19125
24691
20971
14301
8103
342
8017
4540
21783
31778
12506
23964
23880
22621
5379
16596
5575
21678
18919
21220
17056
17729
12816
3838
18897
12653
19341
32454
17151
29844
23876
599
12136
26187
3722
22918
28185
19899
7409
21098
16481
9287
9313
16668
29317
27504
11627
9403
31925
6645
30169
7603
12351
25662
10122
6463
17667
25594
29053
22061
23335
25352
14123
9954
17676
19859
18970
5277
11648
3970
25007
18432
28213
24847
17732
23244
10865
18101
23674
30444
520
18512
6608
26293
28808
9088
29557
31340
11443
32078
24155
26376
7218
22290
32653
570
12167
19092
1986
32683
14916
20849
27954
4997
7034
7104
30632
7732
19061
14838
21209
17774
7078
7687
6900
7792
20961
14286
6010
19851
20425
12463
6224
16096
32136
2683
10515
23656
14019
9619
3755
25911
21708
29265
17187
18945
10522
20899
25527
13021
31735
26873
17711
4681
25465
28002
8812
26990
1715
10737
6465
8614
8492
17766
27012
7996
23185
2826
10852
29043
18086
15067
27132
17353
8578
9449
27433
29820
7164
5120
30105
29774
19553
19335
27685
21381
5992
7336
7521
8247
9575
22194
625
31172
14278
5819
24606
32164
29364
14985
32297
29027
28442
31411
26846
19945
10445
28675
28909
4095
7432
2079
23926
29199
11545
11624
1123
29483
6490
9763
15610
20305
10339
28375
24754
19694
20094
5109
20038
928
26972
20158
8969
64
25606
26978
7801
27168
22293
11877
25622
3473
31014
26439
3957
28585
29577
11876
20112
20291
28473
6169
30304
14150
28177
30504
17838
1579
17468
16478
18982
3769
17902
20851
7085
13843
32081
7985
25076
13045
31939
3800
22605
21051
8510
32450
17342
25763
22807
16963
3924
14803
17132
5331
698
19614
14552
18543
18186
1155
7144
13116
11747
12406
29651
8302
28348
7908
14053
18536
20088
30449
20029
5156
25914
14084
10808
12246
30330
31877
31533
12492
3929
30949
25179
21145
24369
14303
12063
3954
32369
6910
31851
6104
6056
11872
17011
28024
9951
15033
12457
9551
17196
14490
25580
5393
9860
2292
19708
28620
26577
5848
23346
5576
6980
18048
16238
7091
19693
21907
23376
19706
2441
4261
12459
11642
27035
509
25910
15960
21182
32156
11909
2605
25401
11899
14904
15463
15316
2323
26227
18412
7146
18210
24206
24832
960
20653
28685
20072
20757
13889
11218
21967
2554
8319
10129
18282
18916
22744
29573
27864
1280
20372
6241
24396
5574
17177
12682
2285
18641
27754
30595
21885
23278
21742
20136
22073
7539
14707
11808
23809
13522
7794
29453
21177
9581
31124
29701
19695
8876
5238
26822
9918
21581
3241
31269
8434
1532
5374
3656
19820
29988
23552
9493
18889
12548
15297
22762
3390
16645
5850
22415
19910
1355
1709
26473
16512
1418
16109
19696
14674
8731
19041
9315
28115
23375
1252
954
24424
8963
30385
30940
12461
27764
29917
14354
27158
28245
11045
3771
29142
19231
29418
28226
15103
5033
7034
9038
28651
22520
1937
3384
7132
14936
17440
27074
6111
14507
31820
2310
16118
8194
28346
32172
11637
24170
18442
7520
4013
9993
1697
25987
17352
7273
19372
6177
21236
29971
15713
9508
1476
20064
24200
13255
6098
8588
32571
24653
20138
3852
10986
498
30691
29729
14242
3362
4751
32430
23182
26089
10198
13127
26046
13995
5853
6538
4903
7957
22509
690
235
20307
31441
7785
17115
25475
25727
20958
11578
4970
4091
1304
15556
2662
22137
23178
16367
31652
706
1255
9585
18067
13272
12087
5122
16281
21213
11051
12131
28932
8241
22957
11935
26691
7131
444
10129
25430
19754
2423
13222
29315
11675
17783
20965
25163
15102
21090
10796
412
29909
11453
5564
6216
18685
31490
4343
8630
13200
15859
31337
8152
5641
23341
17158
6748
2473
13824
29618
7719
12570
19070
11271
20735
19795
32466
32338
28039
6587
7892
19678
15217
13201
13786
3190
22511
4235
15056
4133
25194
18621
17035
16960
24951
14269
11354
28326
29703
14597
31966
583
8925
920
23324
25571
26182
26857
25553
18964
13316
31480
18181
12943
10635
23998
25571
24231
9840
18379
22216
30995
27422
30254
11674
18672
4043
6037
13915
5642
26538
29365
7166
8791
9314
19436
17785
23748
19904
20005
11035
12596
25000
31485
5664
6598
12370
26148
32387
21847
18611
16389
31507
26441
2360
29609
30665
17538
10426
23512
9817
20919
19375
21378
23815
5866
31133
9566
22460
19505
1749
7889
3929
9146
18013
18961
6987
29964
6190
5002
20832
11663
10143
24193
6104
10831
28194
19703
7616
24317
20014
16080
28027
28215
23164
19508
3490
5896
7542
16182
9230
7091
29933
20659
20274
1452
22026
11389
10670
27368
3463
185
11298
6230
20510
7302
24896
17838
12098
25056
8230
13929
17934
3779
16618
27664
12923
8595
32630
19898
11989
23739
150
26833
24432
11669
11599
12052
10391
31370
22643
21986
8389
7290
25202
15029
29464
1885
20339
28909
17922
26155
931
23759
31298
11770
6605
32717
22034
27750
2092
23047
28834
21814
1917
1299
29126
21309
28759
27641
31211
8317
703
17538
18000
10643
19448
11699
25971
16463
7832
6036
4041
24994
20705
22582
30897
4797
13645
4595
11179
6519
363
20216
18885
5103
5866
30209
15191
13171
25331
31844
10736
7841
18365
31057
22160
16076
17499
32344
8216
31906
20184
22827
19966
12299
5253
8870
29509
18260
5266
16140
32173
27020
18652
13204
17703
6190
20742
29988
12171
5121
21451
5212
15501
2365
2706
27350
3566
18159
11075
11692
16367
1438
9306
2363
9739
303
24378
10791
16357
27142
31939
22432
31360
29038
16422
739
4526
30011
7160
28675
9675
3758
5510
23529
22954
2200
29289
17305
3280
194
25690
12472
1504
14477
10055
12107
8535
22742
17830
20674
22649
11548
30473
24629
13452
6629
19698
11245
579
21085
8681
2086
22909
4417
32461
28435
19760
22779
27240
25123
22431
32527
22341
28803
22228
1717
9158
1764
11594
3783
24689
27774
23274
22238
20619
4437
8760
8121
22760
4539
3535
27358
20737
4886
27147
23939
27207
24035
1797
19118
8631
22779
22212
10396
28591
18965
15281
30048
10752
32653
6988
20172
19524
18276
2334
16788
6770
22407
7662
5041
20911
2900
20280
3588
23399
6746
23259
2364
13981
11360
6930
16889
2943
28329
22181
14385
7486
3703
24929
7636
3612
15566
8389
6315
10695
8058
18686
23430
10725
21332
26134
23190
10480
25536
1384
7960
14148
23418
4951
32307
18038
21139
16703
14116
24296
7606
1964
15512
21402
688
6346
11609
26691
5679
22301
16429
7585
9930
9330
9980
6157
22850
7446
11568
21586
23048
4933
5473
7871
18431
24293
31282
123
15490
21877
13942
5913
5289
32320
6296
2668
24520
22230
25913
5277
5945
15292
27930
20602
860
18787
14909
16913
29147
18775
6215
19838
8499
32697
31785
4097
1392
27887
3839
20308
18999
22426
24632
29499
13834
13000
760
15708
21192
13420
6842
13137
32627
12299
6970
28412
20278
2487
16274
18714
22951
21825
31907
4635
24649
30123
29366
19762
27989
20700
8803
8616
20410
27543
26803
30325
6242
430
1665
27665
31927
28275
14118
10376
16998
31088
6741
10701
6242
23384
30019
4688
301
3901
3851
9170
12883
17410
11346
23672
3383
532
28198
27167
5393
22869
6188
26608
1592
11097
507
6708
29341
26069
14275
7273
1944
16724
3634
13717
24808
22572
11672
18138
3317
10673
22601
2123
9815
23976
28739
2046
9884
23551
16
8034
22086
3259
19182
21203
32276
21553
10286
20332
15747
8057
11738
31517
10899
5408
28314
19197
7886
15901
20184
21473
21895
15110
13603
18733
16224
22916
6609
24042
12047
7685
14825
15385
17249
5552
28992
1607
12926
1182
32737
5986
23152
17479
16050
29899
15071
26170
1877
9900
15390
28434
21325
27276
26476
15781
22114
29729
29811
29310
6214
12389
20501
27534
20856
16108
104
10270
3945
5492
2559
10504
25566
446
14956
8487
9109
32156
31746
2572
30763
2380
5856
28914
18749
4
811
4084
16590
6862
12442
1918
28392
5526
26424
19458
20614
10881
9573
7148
15794
22401
7966
4567
747
8743
17023
9985
10697
19896
25990
14844
13540
14210
282
28071
21233
19824
7500
29789
19758
21213
21212
7020
13569
26534
1535
10953
5339
1411
15967
27906
10339
26519
16484
29555
24529
4165
19378
27325
12951
24902
8947
4980
1351
31224
16598
13080
9905
20473
24151
4423
10315
13813
11842
21808
5591
17596
29170
22347
20543
23192
19295
15176
4036
9437
28760
26181
20823
26561
8972
9539
13127
30830
5071
6107
1309
7510
4123
13101
3781
18631
8917
28954
21230
25023
2514
32691
20658
3841
9370
1264
2170
14440
16492
19110
18460
12924
25986
26291
583
18499
2453
13179
13601
5978
19364
11417
9262
29251
7410
974
26996
15617
31566
573
8669
30690
8342
2523
14556
27805
19326
19233
5971
12700
1422
772
14773
30619
2666
21798
29032
21874
13398
5710
21869
1583
4601
6934
9794
19816
2401
24291
10503
30160
11336
5914
15841
7687
8598
1681
13724
18359
18471
9540
10900
23772
30413
28746
24789
8035
32153
30215
29057
14071
19542
29346
17778
20760
25175
4281
8993
1901
27507
8788
21446
91
11853
26136
9153
32214
12249
11454
16953
20087
12315
29379
17411
21711
25650
16992
19909
6396
4502
29116
10587
6265
28318
4449
19065
18491
27717
7916
1682
31993
19757
20489
1017
11723
11748
2463
9287
17654
25191
22344
28156
29446
19684
30468
14697
14366
4548
19758
9421
6029
19689
21679
5054
10657
11316
24433
15818
32704
4939
15127
4191
3764
11417
3563
26600
4935
2966
23
25657
9488
17480
1305
23597
27532
7178
22897
13453
10609
14220
2204
7732
4670
27163
3910
32625
7703
2594
28092
3245
20432
28401
16032
21582
8520
31678
9696
16859
2552
23529
11240
23648
21451
21637
22807
17428
12848
20243
9584
13113
20334
400
4243
1604
17465
22451
30187
3902
11650
368
28968
14442
21651
19136
26352
14888
7514
8356
1489
26649
12037
26471
21371
22916
2768
1572
6700
28920
1307
19337
19051
1843
21696
4058
9465
15683
11427
14393
16645
14827
5003
32548
17055
22088
28208
9791
21871
32180
28565
30036
16295
17643
25495
10904
8502
31853
1990
16432
13119
16931
26229
10995
7113
22084
26637
30322
10680
14202
3751
25141
3324
19009
4057

