Quick Sort
3
3
4
4
5
6
9
10
15
16
20
21
21
23
23
28
32
47
48
52
55
56
57
64
66
69
74
86
91
91
95
96
104
111
122
123
123
124
129
131
133
143
144
144
146
147
150
156
158
159
162
167
169
177
177
182
185
188
189
191
194
194
195
197
200
206
208
209
213
214
220
225
233
235
238
242
243
246
250
251
252
254
255
259
259
259
262
263
280
282
284
285
301
301
303
309
312
315
316
323
324
325
325
327
338
342
342
348
350
350
354
356
359
359
360
361
361
361
363
364
368
373
373
375
382
392
397
399
400
400
402
407
411
412
418
426
426
430
431
433
438
438
442
444
446
447
453
456
457
463
473
486
493
493
493
495
498
501
505
505
505
507
507
508
509
512
520
524
527
529
532
543
544
544
546
561
565
568
570
572
573
579
581
583
583
588
594
595
596
596
599
599
600
605
613
622
624
625
625
625
625
629
632
637
638
648
648
650
651
653
655
660
660
672
677
679
682
688
689
690
693
696
698
700
703
703
704
706
706
718
718
719
728
729
733
736
737
739
739
747
752
753
759
759
760
765
768
770
772
774
774
775
779
781
781
786
788
792
793
794
799
801
804
805
810
811
818
821
825
826
829
831
833
837
838
842
846
850
850
851
852
857
860
862
869
873
877
878
894
895
895
898
900
920
921
921
926
928
929
931
932
933
934
943
947
949
953
954
956
958
959
960
961
964
974
975
983
983
985
985
991
992
994
996
998
1002
1004
1010
1017
1024
1029
1030
1033
1036
1046
1048
1061
1064
1070
1072
1073
1088
1095
1098
1101
1104
1108
1115
1123
1123
1128
1135
1140
1143
1144
1155
1157
1161
1174
1182
1189
1190
1196
1197
1199
1201
1202
1204
1211
1220
1223
1224
1227
1229
1230
1237
1252
1255
1257
1258
1263
1264
1274
1279
1280
1283
1288
1290
1294
1297
1297
1298
1299
1303
1304
1305
1306
1306
1307
1309
1310
1313
1327
1331
1333
1345
1347
1351
1353
1355
1355
1364
1370
1373
1374
1379
1384
1385
1390
1392
1397
1398
1400
1408
1410
1411
1412
1413
1418
1421
1422
1428
1430
1432
1438
1439
1442
1447
1452
1456
1460
1467
1474
1476
1478
1484
1489
1490
1492
1504
1509
1510
1510
1521
1522
1523
1525
1527
1530
1532
1532
1533
1535
1541
1541
1542
1546
1548
1548
1548
1553
1559
1561
1561
1567
1570
1570
1572
1572
1574
1579
1579
1583
1586
1587
1587
1592
1596
1597
1599
1603
1604
1605
1607
1608
1611
1614
1615
1616
1617
1618
1622
1626
1628
1628
1630
1635
1645
1650
1664
1665
1666
1676
1676
1681
1682
1689
1689
1692
1693
1693
1696
1697
1699
1700
1705
1709
1715
1717
1721
1722
1738
1741
1746
1747
1749
1753
1754
1758
1759
1760
1764
1764
1764
1766
1768
1781
1783
1784
1784
1789
1792
1797
1808
1809
1812
1817
1820
1827
1829
1830
1838
1843
1844
1849
1850
1853
1853
1861
1864
1868
1876
1877
1885
1887
1887
1890
1896
1901
1901
1907
1909
1916
1916
1917
1917
1918
1919
1919
1925
1927
1930
1930
1932
1937
1937
1938
1943
1944
1948
1951
1960
1960
1961
1964
1967
1969
1971
1972
1986
1987
1990
1991
1996
1999
1999
2003
2003
2013
2014
2016
2025
2030
2036
2037
2038
2039
2046
2051
2054
2063
2069
2076
2079
2080
2081
2083
2084
2086
2086
2090
2090
2092
2092
2094
2099
2102
2103
2103
2104
2105
2106
2111
2111
2118
2118
2123
2124
2125
2126
2128
2130
2135
2136
2137
2141
2142
2147
2149
2149
2156
2158
2161
2163
2170
2174
2182
2184
2185
2192
2194
2197
2200
2204
2204
2207
2213
2217
2223
2224
2228
2230
2234
2238
2240
2240
2243
2244
2248
2250
2250
2253
2255
2255
2280
2281
2284
2285
2285
2289
2292
2293
2305
2305
2305
2308
2310
2317
2319
2321
2321
2323
2324
2334
2334
2342
2343
2352
2354
2354
2356
2358
2360
2363
2364
2365
2374
2375
2376
2380
2380
2381
2386
2398
2400
2401
2408
2412
2423
2437
2438
2438
2441
2442
2443
2453
2454
2454
2456
2456
2463
2467
2469
2473
2482
2486
2487
2487
2497
2497
2498
2502
2503
2507
2514
2521
2521
2521
2523
2523
2532
2534
2536
2539
2548
2552
2552
2554
2554
2556
2556
2558
2559
2563
2572
2573
2579
2581
2585
2587
2588
2594
2596
2597
2600
2605
2606
2607
2607
2612
2612
2614
2620
2622
2625
2629
2658
2660
2662
2665
2666
2666
2668
2669
2671
2683
2683
2685
2687
2688
2690
2691
2692
2694
2698
2700
2702
2703
2706
2712
2713
2722
2725
2727
2729
2732
2736
2741
2745
2748
2757
2760
2761
2762
2768
2768
2772
2774
2775
2778
2784
2787
2796
2801
2809
2819
2822
2825
2826
2829
2830
2837
2838
2842
2851
2858
2862
2865
2873
2874
2885
2885
2892
2893
2894
2900
2910
2914
2919
2921
2921
2925
2928
2932
2933
2935
2940
2943
2944
2945
2948
2949
2954
2959
2961
2963
2966
2967
2974
2978
2979
2985
2986
3001
3005
3013
3013
3014
3017
3020
3026
3027
3027
3035
3036
3036
3039
3042
3043
3048
3048
3057
3066
3067
3071
3076
3077
3081
3083
3087
3087
3089
3093
3098
3101
3102
3105
3107
3111
3113
3116
3116
3118
3120
3122
3125
3127
3130
3147
3148
3148
3149
3150
3153
3157
3159
3161
3161
3175
3185
3190
3194
3195
3201
3203
3203
3219
3221
3221
3222
3224
3226
3233
3241
3244
3245
3259
3263
3264
3267
3267
3270
3273
3280
3286
3287
3298
3298
3315
3317
3317
3321
3321
3323
3324
3328
3329
3332
3333
3337
3338
3339
3342
3345
3346
3352
3352
3358
3362
3371
3372
3373
3374
3374
3381
3383
3384
3384
3385
3390
3393
3393
3394
3397
3401
3404
3413
3414
3414
3417
3419
3427
3436
3437
3437
3437
3439
3439
3445
3449
3461
3463
3466
3467
3469
3469
3469
3469
3473
3475
3477
3489
3490
3492
3496
3500
3503
3503
3504
3512
3515
3522
3529
3532
3535
3537
3538
3542
3543
3545
3550
3551
3558
3559
3562
3563
3565
3566
3568
3568
3568
3575
3576
3581
3586
3588
3596
3601
3603
3603
3606
3612
3613
3614
3616
3620
3627
3634
3635
3641
3645
3645
3648
3652
3656
3656
3657
3669
3671
3672
3675
3677
3679
3680
3681
3681
3689
3691
3703
3706
3715
3716
3719
3722
3723
3727
3736
3739
3741
3741
3747
3751
3751
3755
3756
3757
3758
3764
3764
3769
3771
3772
3774
3779
3780
3781
3781
3783
3786
3789
3790
3797
3798
3799
3800
3802
3806
3806
3806
3808
3815
3819
3823
3825
3830
3838
3839
3839
3840
3841
3842
3843
3844
3848
3851
3852
3855
3859
3862
3873
3874
3884
3888
3897
3899
3900
3901
3902
3902
3905
3908
3910
3911
3914
3920
3923
3924
3928
3929
3929
3935
3941
3945
3945
3945
3949
3950
3950
3954
3957
3961
3961
3962
3970
3976
3980
3984
3988
3993
4003
4005
4005
4012
4013
4016
4021
4021
4023
4025
4025
4031
4036
4037
4041
4042
4042
4042
4043
4045
4051
4053
4057
4057
4058
4069
4071
4075
4075
4080
4084
4086
4086
4091
4093
4095
4095
4097
4108
4108
4111
4116
4117
4123
4129
4130
4132
4133
4137
4137
4149
4150
4153
4156
4158
4165
4168
4169
4170
4173
4175
4176
4181
4185
4190
4191
4193
4193
4212
4219
4219
4223
4224
4226
4226
4228
4231
4234
4235
4236
4242
4243
4246
4251
4261
4268
4268
4274
4280
4281
4284
4285
4291
4294
4295
4299
4304
4305
4309
4310
4312
4313
4313
4316
4318
4324
4325
4326
4328
4329
4330
4332
4336
4337
4343
4353
4353
4356
4362
4362
4364
4368
4371
4373
4377
4383
4383
4387
4391
4394
4398
4400
4412
4414
4417
4418
4420
4423
4424
4424
4431
4433
4433
4437
4437
4438
4444
4449
4450
4450
4457
4458
4461
4466
4469
4469
4473
4474
4474
4476
4479
4489
4489
4490
4502
4507
4508
4513
4515
4516
4526
4532
4533
4536
4539
4540
4542
4544
4545
4548
4553
4556
4557
4559
4560
4565
4567
4579
4581
4584
4588
4588
4594
4595
4595
4601
4603
4605
4605
4613
4621
4623
4624
4628
4629
4629
4634
4635
4635
4639
4641
4641
4642
4647
4649
4651
4660
4663
4664
4665
4667
4670
4673
4674
4678
4680
4681
4687
4688
4688
4693
4693
4696
4699
4701
4715
4720
4721
4723
4739
4742
4746
4750
4751
4752
4762
4763
4767
4769
4771
4773
4782
4794
4797
4797
4802
4811
4812
4812
4820
4824
4827
4833
4833
4840
4850
4861
4870
4874
4878
4886
4888
4891
4903
4903
4906
4908
4909
4910
4911
4912
4920
4923
4923
4924
4925
4929
4933
4933
4935
4939
4940
4941
4950
4951
4953
4954
4956
4961
4965
4966
4966
4969
4970
4970
4971
4976
4978
4980
4997
4998
5000
5002
5003
5003
5017
5019
5020
5028
5033
5039
5041
5043
5050
5051
5054
5057
5064
5064
5066
5068
5069
5071
5071
5082
5083
5086
5087
5090
5095
5096
5101
5103
5103
5109
5110
5119
5120
5120
5121
5122
5125
5136
5140
5142
5144
5145
5147
5147
5148
5152
5156
5159
5160
5161
5165
5183
5183
5188
5189
5191
5192
5193
5195
5196
5197
5199
5201
5201
5206
5207
5212
5214
5224
5226
5231
5232
5234
5235
5238
5253
5254
5257
5258
5259
5262
5264
5266
5266
5275
5277
5277
5277
5286
5288
5289
5289
5290
5293
5317
5324
5331
5331
5335
5337
5339
5341
5346
5347
5351
5364
5369
5373
5373
5374
5374
5378
5379
5381
5384
5393
5393
5400
5408
5412
5421
5422
5434
5435
5439
5440
5442
5452
5452
5457
5463
5466
5471
5471
5472
5473
5477
5478
5487
5490
5490
5491
5492
5496
5500
5504
5507
5508
5510
5519
5520
5526
5539
5543
5545
5552
5561
5564
5564
5572
5574
5575
5576
5584
5591
5591
5601
5605
5623
5624
5628
5629
5630
5635
5641
5642
5648
5651
5652
5654
5659
5661
5662
5664
5666
5667
5669
5672
5672
5679
5683
5684
5684
5686
5687
5698
5699
5702
5705
5710
5715
5724
5729
5730
5737
5738
5744
5745
5747
5749
5753
5762
5765
5766
5769
5774
5779
5781
5784
5786
5787
5802
5802
5804
5819
5825
5826
5827
5836
5842
5845
5847
5848
5850
5853
5854
5856
5862
5863
5866
5866
5879
5882
5889
5894
5896
5897
5898
5898
5900
5902
5905
5913
5914
5916
5919
5921
5926
5928
5931
5932
5934
5936
5939
5942
5944
5945
5945
5953
5958
5967
5971
5972
5975
5975
5978
5981
5984
5986
5986
5988
5992
5992
5995
5996
6005
6007
6010
6013
6015
6016
6016
6019
6020
6022
6023
6026
6029
6034
6035
6036
6037
6042
6047
6051
6052
6052
6054
6056
6060
6064
6067
6074
6078
6079
6080
6080
6083
6090
6094
6095
6098
6101
6104
6104
6105
6107
6109
6110
6111
6112
6113
6114
6120
6120
6124
6130
6131
6137
6143
6154
6157
6158
6159
6160
6163
6167
6168
6169
6170
6172
6177
6180
6183
6184
6185
6188
6190
6190
6191
6194
6198
6206
6212
6213
6214
6214
6215
6215
6216
6219
6224
6227
6227
6230
6235
6238
6238
6241
6242
6242
6242
6245
6248
6262
6265
6280
6292
6295
6295
6296
6299
6305
6306
6310
6311
6314
6315
6320
6320
6323
6330
6334
6336
6345
6345
6346
6346
6348
6349
6351
6354
6354
6358
6359
6365
6372
6373
6388
6391
6396
6398
6398
6409
6417
6418
6429
6437
6442
6446
6448
6451
6456
6458
6461
6463
6465
6473
6473
6479
6481
6482
6484
6485
6486
6490
6499
6501
6510
6512
6519
6522
6523
6527
6532
6538
6541
6543
6545
6547
6547
6556
6559
6565
6565
6570
6579
6583
6584
6587
6588
6589
6596
6598
6605
6608
6609
6609
6609
6610
6611
6629
6630
6636
6637
6638
6639
6640
6645
6646
6650
6650
6655
6656
6657
6659
6660
6665
6673
6675
6682
6682
6683
6684
6684
6690
6700
6702
6708
6708
6709
6709
6717
6721
6722
6741
6746
6746
6748
6752
6754
6756
6770
6773
6773
6788
6801
6820
6824
6836
6836
6837
6838
6841
6842
6852
6855
6856
6862
6865
6866
6873
6875
6875
6879
6881
6882
6889
6893
6895
6897
6900
6904
6906
6907
6909
6910
6914
6916
6920
6923
6926
6930
6930
6931
6932
6934
6937
6941
6941
6954
6956
6970
6973
6974
6975
6980
6982
6987
6988
6991
6993
6999
7001
7007
7008
7010
7014
7020
7031
7034
7034
7037
7043
7044
7048
7071
7072
7075
7078
7084
7085
7091
7091
7099
7102
7104
7106
7113
7114
7115
7116
7117
7125
7128
7131
7132
7141
7142
7144
7146
7147
7148
7150
7157
7160
7160
7164
7165
7165
7166
7178
7181
7199
7204
7207
7211
7213
7218
7223
7230
7234
7234
7235
7236
7239
7241
7247
7251
7254
7256
7258
7262
7267
7273
7273
7276
7281
7284
7287
7287
7287
7288
7290
7290
7291
7296
7302
7306
7309
7310
7313
7316
7318
7318
7321
7323
7324
7324
7330
7334
7336
7338
7341
7350
7355
7365
7366
7367
7374
7375
7378
7380
7384
7384
7388
7389
7390
7401
7402
7404
7409
7410
7412
7414
7416
7416
7421
7427
7428
7429
7432
7434
7438
7446
7459
7461
7477
7482
7482
7484
7486
7486
7487
7487
7489
7496
7500
7500
7501
7503
7503
7504
7509
7510
7513
7514
7515
7518
7519
7520
7521
7523
7525
7525
7530
7531
7533
7533
7537
7538
7539
7542
7545
7553
7554
7560
7563
7565
7567
7571
7582
7585
7593
7600
7601
7603
7606
7606
7611
7616
7626
7629
7630
7634
7636
7650
7662
7663
7664
7683
7685
7685
7686
7687
7687
7687
7687
7689
7692
7692
7696
7703
7706
7708
7708
7711
7713
7713
7714
7714
7717
7719
7722
7725
7726
7731
7732
7732
7739
7739
7751
7758
7766
7770
7772
7782
7784
7785
7789
7791
7791
7792
7792
7794
7796
7796
7801
7803
7805
7808
7809
7813
7813
7813
7818
7820
7822
7822
7822
7822
7824
7831
7831
7832
7832
7834
7835
7837
7837
7841
7841
7844
7844
7846
7846
7847
7847
7850
7856
7857
7863
7870
7871
7872
7881
7882
7884
7886
7887
7888
7888
7889
7889
7891
7892
7895
7905
7907
7908
7910
7916
7934
7938
7940
7941
7951
7951
7954
7956
7957
7960
7966
7967
7973
7974
7985
7986
7989
7991
7995
7996
7996
7996
8003
8003
8006
8008
8009
8013
8014
8016
8017
8018
8024
8029
8034
8034
8035
8040
8044
8053
8054
8056
8057
8058
8059
8065
8070
8076
8098
8103
8108
8119
8121
8127
8135
8136
8139
8140
8140
8142
8145
8146
8150
8152
8153
8157
8159
8165
8176
8176
8180
8191
8193
8194
8194
8196
8214
8216
8218
8219
8222
8226
8230
8233
8237
8238
8241
8243
8243
8247
8250
8250
8252
8264
8271
8273
8281
8286
8290
8292
8294
8294
8300
8302
8302
8304
8307
8311
8315
8317
8317
8319
8321
8329
8333
8342
8342
8344
8347
8356
8359
8364
8378
8380
8389
8389
8391
8394
8396
8398
8398
8413
8420
8424
8424
8425
8425
8429
8431
8433
8434
8437
8445
8447
8454
8456
8458
8461
8465
8474
8474
8479
8484
8485
8487
8492
8493
8499
8500
8501
8502
8510
8514
8520
8520
8521
8524
8527
8529
8533
8535
8537
8553
8556
8556
8560
8562
8573
8573
8578
8578
8578
8580
8586
8587
8588
8593
8595
8598
8602
8604
8606
8607
8609
8610
8611
8614
8616
8619
8621
8630
8631
8631
8635
8636
8637
8637
8643
8650
8650
8653
8656
8657
8664
8669
8669
8670
8671
8675
8681
8683
8687
8688
8690
8690
8694
8694
8702
8704
8704
8705
8709
8728
8729
8730
8731
8731
8734
8737
8742
8743
8745
8747
8748
8752
8760
8765
8767
8771
8786
8788
8788
8791
8793
8796
8800
8800
8801
8803
8810
8812
8814
8819
8828
8831
8848
8851
8870
8876
8883
8883
8884
8890
8891
8897
8898
8903
8907
8911
8911
8916
8917
8924
8925
8925
8926
8933
8933
8935
8936
8939
8943
8946
8947
8956
8957
8958
8963
8969
8970
8972
8973
8975
8980
8988
8992
8993
8993
8994
9007
9020
9022
9023
9024
9028
9033
9034
9035
9037
9038
9038
9038
9039
9047
9047
9053
9059
9067
9067
9078
9082
9087
9088
9097
9097
9099
9109
9119
9122
9123
9127
9128
9130
9145
9146
9146
9147
9148
9148
9153
9153
9158
9158
9158
9159
9160
9163
9164
9167
9170
9173
9176
9181
9183
9184
9199
9207
9207
9209
9229
9229
9229
9230
9232
9234
9236
9244
9251
9254
9254
9256
9262
9265
9274
9274
9276
9282
9285
9287
9287
9299
9306
9310
9310
9311
9313
9314
9315
9315
9316
9316
9321
9322
9322
9326
9327
9328
9330
9330
9345
9363
9366
9369
9370
9371
9371
9371
9373
9393
9397
9399
9403
9403
9405
9406
9408
9417
9419
9420
9421
9421
9426
9427
9428
9437
9439
9441
9442
9443
9445
9449
9456
9462
9462
9465
9465
9466
9469
9480
9482
9483
9484
9488
9493
9493
9498
9502
9502
9506
9508
9509
9517
9520
9520
9531
9533
9539
9540
9541
9547
9547
9551
9551
9553
9555
9558
9559
9566
9567
9571
9573
9575
9579
9581
9584
9584
9585
9590
9597
9598
9598
9606
9607
9610
9611
9614
9617
9619
9620
9622
9625
9633
9635
9636
9639
9643
9649
9649
9651
9653
9653
9654
9656
9658
9660
9662
9670
9675
9676
9679
9680
9680
9681
9686
9689
9693
9693
9694
9696
9697
9700
9701
9712
9713
9714
9715
9720
9723
9728
9728
9732
9735
9736
9739
9740
9743
9763
9771
9774
9776
9778
9779
9781
9781
9786
9791
9793
9794
9800
9806
9810
9815
9815
9817
9819
9821
9827
9827
9829
9829
9831
9832
9838
9840
9840
9840
9845
9851
9852
9854
9860
9866
9873
9884
9884
9888
9890
9892
9896
9900
9900
9904
9905
9905
9906
9907
9912
9914
9918
9919
9930
9935
9947
9947
9951
9951
9954
9961
9964
9967
9977
9977
9978
9980
9982
9983
9984
9985
9985
9985
9985
9986
9987
9987
9988
9990
9993
9993
9994
10008
10009
10012
10012
10012
10020
10021
10021
10022
10027
10028
10029
10032
10039
10044
10051
10055
10058
10058
10061
10064
10065
10065
10071
10071
10074
10075
10075
10081
10085
10086
10086
10087
10092
10097
10099
10102
10102
10104
10105
10109
10109
10117
10117
10118
10119
10121
10122
10124
10126
10129
10129
10129
10130
10131
10131
10141
10142
10143
10143
10145
10147
10157
10163
10167
10179
10181
10185
10191
10191
10197
10198
10199
10199
10201
10201
10204
10206
10207
10207
10209
10209
10213
10214
10218
10218
10225
10227
10228
10233
10233
10237
10239
10243
10250
10251
10252
10257
10265
10267
10269
10269
10270
10273
10273
10273
10274
10281
10283
10286
10292
10297
10299
10302
10302
10304
10310
10315
10317
10320
10330
10334
10338
10339
10339
10348
10349
10355
10360
10367
10368
10369
10376
10377
10383
10383
10387
10389
10390
10391
10391
10395
10396
10396
10400
10401
10404
10405
10410
10411
10413
10414
10418
10420
10421
10423
10424
10424
10426
10426
10431
10436
10443
10445
10447
10448
10451
10454
10455
10462
10467
10478
10480
10483
10491
10498
10503
10503
10504
10508
10512
10513
10514
10515
10517
10518
10522
10525
10527
10527
10528
10536
10536
10537
10544
10548
10560
10577
10578
10579
10580
10581
10583
10586
10587
10589
10602
10609
10610
10614
10616
10617
10620
10625
10625
10627
10628
10635
10638
10641
10643
10643
10648
10650
10651
10653
10657
10657
10658
10663
10665
10670
10673
10679
10679
10680
10686
10695
10697
10697
10697
10699
10699
10701
10706
10709
10710
10710
10715
10723
10725
10729
10730
10733
10734
10735
10736
10737
10738
10745
10752
10753
10754
10758
10759
10766
10769
10769
10774
10775
10778
10783
10791
10791
10791
10792
10792
10795
10796
10796
10799
10801
10804
10805
10806
10808
10812
10814
10817
10820
10831
10843
10851
10852
10853
10853
10857
10862
10865
10867
10875
10881
10882
10884
10899
10900
10900
10904
10905
10905
10908
10914
10917
10917
10921
10935
10936
10941
10950
10950
10951
10953
10961
10962
10971
10980
10986
10986
10995
10995
10999
11000
11001
11005
11018
11026
11035
11039
11045
11046
11050
11051
11056
11057
11059
11062
11062
11075
11080
11082
11097
11097
11097
11099
11102
11104
11112
11112
11142
11142
11143
11146
11149
11153
11156
11161
11161
11164
11169
11177
11179
11181
11189
11195
11195
11201
11202
11207
11210
11211
11214
11218
11219
11225
11231
11231
11231
11234
11240
11244
11244
11245
11245
11247
11249
11249
11265
11271
11279
11282
11291
11298
11299
11301
11304
11308
11312
11315
11316
11317
11319
11320
11321
11325
11326
11327
11333
11336
11346
11354
11354
11356
11360
11362
11367
11367
11373
11374
11378
11379
11380
11385
11387
11389
11389
11399
11403
11412
11416
11417
11417
11419
11423
11424
11427
11429
11433
11436
11437
11443
11443
11444
11444
11447
11453
11454
11459
11461
11480
11483
11498
11501
11510
11510
11512
11527
11528
11529
11532
11545
11545
11547
11548
11549
11550
11550
11567
11568
11574
11575
11575
11578
11583
11585
11587
11594
11595
11599
11609
11615
11624
11627
11628
11630
11630
11637
11642
11643
11644
11645
11648
11650
11650
11655
11662
11663
11663
11664
11665
11666
11668
11669
11670
11671
11671
11672
11674
11674
11675
11692
11693
11697
11699
11701
11702
11708
11711
11713
11719
11721
11723
11725
11729
11733
11734
11734
11738
11743
11744
11747
11748
11754
11755
11756
11759
11760
11760
11764
11765
11765
11767
11770
11776
11777
11780
11782
11786
11789
11789
11792
11794
11799
11801
11808
11809
11814
11816
11820
11821
11822
11822
11823
11825
11828
11831
11837
11842
11845
11849
11849
11852
11853
11863
11865
11869
11870
11871
11872
11873
11873
11876
11877
11884
11887
11888
11891
11892
11896
11896
11899
11899
11902
11903
11903
11909
11917
11917
11920
11931
11933
11933
11935
11941
11946
11957
11962
11968
11984
11988
11989
11989
11991
11994
11997
11998
11999
12031
12037
12043
12045
12047
12047
12049
12050
12051
12052
12061
12063
12064
12064
12066
12066
12069
12075
12087
12096
12098
12100
12102
12105
12107
12120
12123
12127
12131
12132
12135
12136
12136
12136
12137
12139
12140
12147
12154
12155
12162
12165
12166
12167
12171
12189
12193
12194
12205
12207
12214
12215
12216
12216
12217
12219
12220
12228
12232
12237
12239
12240
12244
12246
12247
12249
12252
12253
12257
12261
12268
12274
12282
12286
12294
12294
12296
12299
12299
12299
12302
12304
12315
12322
12324
12328
12331
12332
12333
12335
12335
12347
12351
12352
12355
12358
12360
12366
12368
12370
12376
12383
12386
12389
12397
12399
12399
12399
12406
12406
12416
12417
12418
12419
12421
12427
12433
12437
12442
12442
12450
12450
12457
12459
12461
12463
12463
12472
12476
12478
12479
12482
12486
12487
12489
12492
12500
12501
12502
12504
12506
12512
12515
12522
12528
12528
12529
12529
12530
12533
12533
12536
12541
12541
12543
12548
12550
12554
12560
12560
12560
12564
12564
12570
12570
12572
12574
12577
12584
12589
12589
12589
12596
12600
12609
12609
12609
12620
12622
12629
12630
12632
12641
12642
12649
12652
12652
12653
12654
12655
12656
12657
12659
12661
12663
12664
12665
12672
12673
12674
12676
12679
12682
12687
12692
12695
12700
12704
12706
12709
12729
12730
12733
12734
12735
12737
12738
12741
12753
12754
12756
12761
12764
12768
12769
12772
12774
12779
12781
12788
12805
12816
12820
12825
12827
12831
12840
12842
12845
12846
12846
12848
12851
12851
12853
12865
12865
12870
12879
12880
12880
12883
12886
12888
12890
12896
12902
12906
12907
12908
12917
12920
12923
12924
12925
12926
12928
12938
12938
12941
12942
12943
12944
12949
12951
12954
12957
12963
12964
12972
12978
12990
12995
13000
13007
13015
13021
13022
13024
13028
13032
13035
13040
13042
13045
13049
13057
13064
13068
13068
13069
13076
13077
13080
13083
13084
13084
13094
13094
13101
13104
13113
13116
13116
13119
13120
13120
13125
13127
13127
13128
13137
13144
13148
13154
13159
13159
13161
13162
13170
13171
13171
13172
13175
13179
13186
13188
13194
13200
13201
13204
13206
13208
13209
13215
13222
13230
13230
13238
13245
13246
13247
13254
13255
13262
13265
13266
13272
13288
13293
13300
13301
13305
13305
13307
13311
13313
13314
13316
13319
13323
13332
13342
13343
13348
13351
13360
13362
13370
13386
13387
13391
13396
13396
13397
13398
13401
13404
13405
13408
13409
13412
13415
13419
13420
13424
13439
13442
13447
13449
13449
13450
13452
13453
13457
13459
13459
13463
13464
13465
13465
13472
13473
13475
13478
13480
13481
13482
13482
13483
13484
13489
13491
13492
13492
13494
13497
13500
13505
13512
13513
13516
13522
13524
13540
13545
13547
13548
13551
13553
13559
13563
13569
13569
13573
13576
13579
13589
13590
13601
13602
13603
13604
13621
13621
13624
13628
13632
13635
13636
13640
13642
13645
13649
13654
13655
13662
13663
13665
13671
13675
13685
13689
13690
13694
13700
13705
13716
13717
13720
13724
13730
13737
13741
13741
13742
13746
13754
13761
13779
13785
13786
13786
13789
13794
13798
13802
13803
13810
13810
13810
13813
13814
13820
13821
13824
13824
13826
13828
13834
13834
13837
13838
13840
13840
13841
13843
13844
13845
13846
13847
13853
13863
13868
13868
13870
13872
13873
13875
13886
13888
13889
13902
13905
13910
13913
13915
13921
13928
13929
13937
13940
13942
13949
13954
13955
13957
13958
13959
13979
13981
13985
13986
13987
13988
13989
13991
13993
13993
13994
13995
13995
13996
14011
14016
14019
14019
14031
14034
14038
14046
14047
14048
14051
14053
14053
14055
14060
14064
14071
14077
14084
14084
14085
14092
14101
14102
14105
14110
14111
14115
14116
14117
14118
14119
14121
14122
14123
14124
14127
14128
14132
14134
14135
14139
14146
14147
14148
14150
14154
14168
14183
14183
14185
14188
14189
14191
14193
14196
14197
14197
14200
14202
14203
14209
14209
14210
14220
14221
14223
14229
14237
14238
14241
14241
14242
14247
14247
14249
14250
14252
14253
14258
14258
14262
14268
14269
14275
14276
14278
14278
14278
14283
14286
14291
14291
14299
14300
14301
14303
14312
14313
14315
14322
14332
14341
14345
14349
14351
14354
14357
14359
14365
14366
14367
14369
14372
14374
14375
14385
14386
14393
14397
14397
14399
14407
14408
14417
14421
14422
14423
14424
14424
14424
14429
14429
14432
14438
14438
14440
14440
14442
14447
14448
14450
14451
14453
14457
14462
14462
14464
14465
14466
14466
14467
14468
14474
14477
14483
14485
14486
14490
14490
14491
14499
14507
14513
14518
14518
14518
14520
14527
14528
14529
14529
14531
14532
14534
14540
14546
14546
14546
14552
14556
14556
14558
14558
14559
14563
14565
14567
14576
14582
14582
14585
14591
14593
14597
14597
14598
14606
14608
14613
14614
14614
14620
14622
14623
14626
14629
14635
14637
14643
14650
14652
14666
14674
14691
14693
14696
14697
14699
14707
14707
14714
14717
14718
14719
14720
14722
14722
14726
14735
14738
14745
14751
14758
14758
14760
14768
14770
14771
14772
14772
14772
14773
14776
14777
14778
14779
14785
14786
14790
14791
14797
14798
14803
14806
14807
14811
14812
14812
14814
14819
14820
14825
14827
14827
14828
14828
14831
14832
14838
14839
14841
14844
14844
14846
14847
14848
14854
14857
14857
14860
14860
14866
14870
14875
14879
14881
14885
14887
14888
14893
14895
14896
14901
14902
14904
14905
14907
14909
14909
14912
14916
14916
14925
14926
14928
14931
14934
14936
14937
14943
14946
14950
14956
14957
14959
14966
14973
14974
14975
14979
14982
14982
14983
14985
14986
14987
14987
14991
15002
15006
15013
15021
15022
15029
15029
15033
15033
15037
15047
15050
15054
15056
15058
15059
15059
15061
15063
15064
15067
15070
15071
15072
15081
15082
15088
15089
15094
15098
15102
15103
15103
15103
15104
15105
15107
15109
15110
15110
15112
15115
15119
15127
15128
15129
15135
15136
15137
15139
15139
15140
15157
15166
15171
15173
15176
15179
15183
15185
15185
15191
15193
15194
15196
15204
15205
15208
15214
15217
15219
15222
15224
15229
15231
15231
15236
15243
15243
15245
15252
15261
15262
15266
15274
15275
15278
15278
15281
15284
15292
15297
15300
15300
15301
15303
15305
15306
15307
15308
15316
15329
15338
15344
15355
15358
15361
15364
15373
15375
15380
15380
15385
15386
15390
15393
15401
15405
15405
15410
15410
15413
15417
15418
15422
15431
15446
15447
15453
15456
15457
15462
15463
15465
15468
15471
15471
15480
15484
15489
15490
15496
15501
15503
15504
15505
15511
15512
15512
15516
15522
15522
15523
15523
15524
15525
15527
15528
15533
15534
15538
15541
15543
15544
15545
15545
15546
15547
15555
15556
15562
15564
15566
15566
15569
15572
15575
15590
15601
15601
15606
15607
15608
15610
15617
15620
15623
15626
15627
15639
15648
15649
15659
15661
15662
15664
15682
15683
15687
15698
15702
15702
15705
15706
15708
15713
15714
15718
15725
15729
15734
15735
15738
15744
15745
15747
15747
15750
15770
15770
15770
15774
15781
15789
15789
15794
15794
15803
15808
15813
15815
15818
15819
15823
15825
15827
15827
15829
15835
15841
15841
15842
15843
15845
15851
15851
15854
15858
15859
15863
15864
15865
15870
15872
15880
15881
15883
15885
15890
15891
15892
15892
15894
15899
15900
15901
15906
15907
15907
15919
15923
15925
15925
15925
15928
15932
15945
15946
15950
15953
15954
15956
15960
15964
15966
15967
15967
15968
15968
15969
15977
15986
15986
15989
15991
15993
15994
16004
16008
16012
16017
16022
16027
16029
16030
16032
16049
16050
16050
16050
16051
16060
16062
16067
16074
16076
16076
16078
16080
16085
16085
16086
16095
16096
16097
16104
16104
16105
16108
16109
16109
16118
16121
16122
16124
16124
16125
16140
16147
16148
16151
16156
16162
16165
16166
16168
16170
16182
16184
16187
16189
16196
16196
16202
16203
16206
16207
16211
16224
16225
16230
16238
16243
16245
16256
16259
16260
16261
16262
16266
16267
16274
16277
16277
16280
16281
16283
16286
16289
16295
16295
16298
16300
16304
16305
16307
16308
16320
16324
16326
16327
16334
16335
16346
16347
16349
16350
16354
16357
16365
16366
16367
16367
16367
16368
16369
16372
16375
16376
16378
16379
16387
16389
16393
16394
16395
16399
16403
16403
16412
16415
16422
16423
16427
16429
16429
16432
16436
16440
16441
16443
16445
16446
16451
16454
16456
16457
16457
16462
16463
16463
16464
16465
16467
16471
16478
16479
16481
16484
16489
16492
16496
16501
16510
16511
16512
16516
16518
16521
16524
16528
16529
16531
16535
16535
16539
16548
16552
16553
16558
16559
16566
16572
16575
16590
16594
16594
16596
16596
16596
16597
16598
16598
16599
16613
16615
16618
16618
16619
16620
16622
16627
16630
16633
16636
16636
16637
16645
16645
16646
16647
16649
16668
16669
16670
16672
16675
16680
16684
16687
16687
16687
16694
16696
16701
16701
16702
16703
16706
16712
16724
16734
16734
16749
16752
16758
16758
16760
16769
16772
16781
16782
16788
16790
16796
16796
16805
16808
16808
16809
16809
16814
16814
16832
16835
16836
16837
16838
16848
16857
16859
16862
16863
16867
16869
16872
16875
16878
16879
16886
16888
16889
16894
16894
16896
16904
16907
16911
16913
16915
16916
16916
16917
16918
16919
16922
16923
16925
16925
16929
16931
16933
16933
16941
16943
16943
16945
16947
16948
16953
16957
16959
16960
16963
16965
16966
16967
16970
16971
16978
16979
16989
16992
16998
17000
17011
17012
17015
17016
17016
17022
17023
17028
17035
17044
17046
17046
17048
17049
17051
17051
17051
17052
17055
17056
17062
17064
17069
17078
17079
17080
17086
17086
17094
17095
17098
17099
17102
17105
17109
17115
17115
17116
17119
17121
17124
17124
17132
17139
17139
17145
17148
17151
17158
17158
17159
17161
17162
17171
17172
17173
17177
17183
17187
17188
17190
17190
17194
17196
17200
17207
17207
17209
17213
17217
17217
17223
17231
17232
17235
17236
17242
17242
17248
17248
17248
17249
17252
17253
17255
17255
17256
17257
17258
17263
17267
17267
17269
17276
17281
17284
17287
17291
17295
17305
17305
17312
17316
17321
17323
17328
17335
17338
17338
17339
17342
17342
17352
17352
17353
17353
17356
17369
17370
17372
17377
17378
17379
17386
17401
17401
17405
17410
17411
17411
17411
17419
17422
17422
17428
17434
17435
17437
17440
17444
17446
17451
17452
17452
17459
17459
17464
17465
17467
17468
17471
17473
17476
17479
17480
17492
17494
17494
17496
17497
17499
17499
17501
17502
17508
17509
17510
17514
17516
17523
17530
17531
17534
17537
17538
17538
17540
17540
17541
17548
17551
17556
17561
17562
17563
17563
17567
17568
17568
17575
17577
17578
17578
17580
17584
17588
17592
17595
17596
17598
17598
17603
17604
17614
17615
17620
17621
17622
17624
17626
17630
17630
17635
17637
17638
17643
17650
17651
17652
17654
17657
17667
17667
17672
17674
17676
17677
17685
17686
17691
17693
17693
17703
17711
17716
17716
17724
17729
17732
17735
17738
17740
17740
17748
17748
17748
17753
17754
17758
17758
17762
17766
17766
17768
17770
17771
17774
17778
17783
17783
17785
17786
17791
17801
17804
17812
17816
17827
17827
17830
17831
17838
17838
17843
17845
17845
17848
17856
17858
17863
17867
17876
17880
17885
17889
17892
17894
17899
17900
17900
17902
17902
17902
17908
17908
17911
17917
17919
17922
17922
17923
17924
17925
17927
17929
17930
17932
17933
17934
17936
17942
17949
17959
17968
17970
17978
17981
17987
17992
17997
17998
18000
18002
18005
18008
18009
18013
18013
18017
18020
18021
18024
18028
18029
18034
18038
18038
18040
18047
18048
18059
18065
18066
18067
18070
18072
18074
18075
18083
18086
18095
18095
18100
18101
18105
18115
18132
18137
18138
18140
18145
18149
18149
18159
18159
18162
18163
18164
18166
18171
18181
18184
18186
18192
18192
18199
18201
18201
18207
18207
18210
18213
18213
18216
18216
18235
18245
18247
18248
18250
18251
18252
18252
18256
18260
18265
18267
18272
18276
18276
18282
18287
18291
18292
18293
18295
18297
18299
18300
18304
18306
18308
18308
18309
18311
18316
18331
18331
18342
18343
18345
18345
18348
18350
18352
18353
18355
18359
18360
18362
18365
18379
18381
18386
18387
18390
18390
18394
18405
18409
18412
18417
18418
18419
18422
18423
18424
18431
18432
18439
18440
18442
18446
18450
18454
18457
18458
18460
18461
18464
18470
18471
18472
18479
18485
18491
18491
18492
18494
18496
18496
18499
18500
18503
18507
18512
18515
18516
18521
18533
18536
18540
18543
18552
18562
18564
18566
18572
18583
18585
18595
18599
18601
18606
18608
18611
18612
18614
18615
18618
18621
18629
18631
18641
18650
18651
18652
18659
18662
18665
18666
18668
18669
18672
18674
18683
18685
18686
18691
18694
18696
18699
18701
18705
18712
18712
18714
18715
18719
18720
18720
18721
18723
18729
18729
18730
18732
18733
18735
18736
18739
18740
18749
18751
18753
18754
18759
18761
18762
18764
18767
18767
18770
18775
18782
18785
18787
18792
18795
18795
18798
18802
18803
18804
18809
18810
18813
18815
18817
18821
18822
18826
18828
18834
18837
18838
18842
18843
18844
18845
18847
18853
18860
18863
18875
18879
18879
18883
18885
18885
18886
18887
18889
18893
18897
18900
18905
18906
18906
18916
18917
18917
18919
18931
18934
18935
18939
18943
18945
18951
18951
18955
18956
18957
18959
18961
18964
18964
18965
18965
18968
18970
18971
18974
18981
18982
18982
18983
18988
18993
18994
18996
18997
18999
19000
19005
19008
19009
19010
19015
19022
19023
19030
19034
19037
19041
19043
19044
19049
19051
19056
19061
19065
19066
19070
19072
19077
19079
19079
19084
19089
19091
19091
19092
19092
19095
19095
19096
19099
19100
19104
19110
19111
19117
19118
19118
19124
19124
19125
19127
19129
19131
19134
19136
19136
19138
19140
19140
19145
19150
19154
19156
19168
19169
19171
19174
19179
19182
19182
19182
19183
19190
19195
19197
19198
19203
19207
19207
19211
19211
19213
19228
19231
19231
19233
19236
19237
19239
19240
19242
19243
19256
19264
19269
19274
19274
19274
19277
19283
19287
19287
19294
19295
19315
19324
19326
19326
19331
19331
19332
19335
19336
19337
19337
19340
19341
19341
19341
19350
19354
19356
19357
19360
19364
19372
19375
19378
19383
19384
19388
19394
19400
19404
19410
19411
19417
19418
19424
19426
19434
19436
19441
19443
19445
19447
19448
19448
19448
19452
19456
19458
19460
19467
19472
19482
19482
19482
19482
19484
19489
19497
19500
19505
19506
19508
19509
19512
19513
19521
19523
19524
19533
19533
19535
19536
19542
19543
19546
19550
19553
19557
19564
19567
19568
19587
19591
19595
19603
19605
19609
19612
19614
19618
19620
19622
19622
19622
19623
19623
19637
19638
19640
19644
19645
19647
19666
19668
19672
19675
19676
19678
19682
19684
19685
19689
19689
19692
19693
19694
19695
19696
19698
19703
19706
19708
19713
19719
19723
19728
19729
19732
19732
19733
19738
19738
19742
19750
19751
19754
19757
19758
19758
19760
19762
19769
19776
19778
19781
19788
19795
19802
19816
19819
19819
19819
19820
19824
19832
19835
19838
19841
19843
19850
19850
19851
19851
19853
19858
19859
19861
19862
19873
19874
19876
19877
19889
19896
19898
19899
19902
19903
19904
19905
19909
19910
19915
19915
19916
19930
19938
19945
19948
19948
19953
19956
19960
19962
19966
19967
19974
19977
19980
19980
19983
19986
19987
19993
19996
20000
20000
20004
20005
20014
20014
20016
20018
20021
20025
20026
20029
20032
20038
20038
20042
20042
20045
20052
20057
20058
20064
20067
20071
20072
20072
20073
20084
20087
20088
20094
20094
20103
20105
20105
20108
20111
20112
20114
20114
20119
20119
20119
20123
20125
20128
20131
20134
20136
20138
20141
20151
20158
20159
20161
20166
20167
20168
20169
20172
20173
20174
20174
20184
20184
20184
20188
20193
20195
20195
20204
20205
20208
20210
20216
20218
20220
20225
20228
20230
20234
20237
20238
20239
20242
20242
20242
20243
20259
20259
20264
20266
20268
20268
20269
20269
20274
20277
20278
20278
20280
20285
20287
20291
20292
20292
20292
20293
20298
20303
20305
20307
20308
20314
20316
20317
20321
20322
20323
20332
20334
20336
20338
20338
20339
20339
20343
20352
20358
20362
20363
20368
20370
20372
20375
20381
20383
20386
20391
20391
20393
20393
20394
20394
20396
20398
20399
20400
20406
20407
20409
20410
20417
20422
20423
20425
20432
20433
20435
20439
20444
20444
20447
20451
20452
20459
20460
20464
20467
20473
20479
20480
20489
20489
20489
20493
20494
20494
20498
20501
20501
20504
20505
20507
20510
20510
20511
20511
20513
20518
20524
20524
20531
20533
20536
20543
20546
20552
20555
20562
20564
20565
20572
20575
20576
20583
20589
20591
20592
20593
20595
20596
20598
20602
20614
20619
20620
20626
20629
20630
20631
20631
20633
20637
20641
20641
20642
20643
20646
20649
20650
20650
20653
20658
20659
20660
20664
20674
20674
20690
20690
20693
20700
20702
20704
20705
20708
20714
20719
20734
20735
20737
20739
20741
20741
20742
20742
20745
20746
20749
20751
20752
20757
20757
20757
20758
20760
20765
20766
20768
20771
20771
20772
20777
20779
20783
20788
20789
20791
20792
20794
20798
20799
20805
20818
20818
20820
20820
20823
20827
20831
20832
20845
20847
20849
20851
20856
20858
20864
20868
20889
20890
20890
20894
20899
20899
20899
20899
20899
20900
20903
20903
20905
20908
20911
20914
20919
20921
20931
20934
20935
20939
20939
20940
20945
20958
20960
20961
20961
20964
20965
20968
20970
20971
20977
20988
20988
20991
20991
20992
20995
21004
21007
21009
21010
21010
21011
21016
21018
21020
21025
21026
21032
21033
21036
21038
21044
21046
21050
21051
21069
21070
21070
21079
21085
21086
21086
21088
21090
21091
21098
21100
21102
21104
21106
21107
21114
21118
21124
21126
21127
21129
21132
21132
21133
21137
21137
21138
21139
21143
21144
21145
21145
21150
21152
21165
21173
21177
21177
21178
21179
21181
21181
21182
21183
21188
21188
21192
21198
21203
21206
21209
21210
21212
21213
21213
21213
21213
21215
21217
21218
21220
21222
21224
21224
21228
21229
21230
21232
21233
21233
21236
21241
21247
21252
21257
21258
21258
21265
21265
21266
21266
21267
21267
21272
21275
21279
21287
21289
21291
21293
21299
21303
21303
21308
21309
21309
21311
21312
21315
21316
21321
21325
21326
21331
21332
21333
21336
21340
21344
21353
21355
21359
21362
21365
21366
21369
21371
21372
21374
21374
21378
21380
21381
21385
21386
21391
21392
21401
21402
21402
21402
21402
21403
21407
21412
21416
21436
21436
21444
21446
21446
21449
21451
21451
21458
21465
21469
21470
21473
21477
21499
21502
21508
21509
21510
21518
21530
21531
21531
21537
21542
21543
21543
21548
21549
21550
21553
21555
21556
21559
21562
21565
21570
21571
21574
21579
21581
21582
21583
21585
21586
21587
21589
21591
21599
21608
21619
21628
21634
21637
21638
21643
21643
21651
21653
21653
21656
21657
21658
21666
21669
21674
21675
21676
21676
21678
21679
21681
21682
21696
21708
21709
21709
21711
21712
21718
21727
21727
21728
21732
21732
21734
21735
21736
21738
21740
21740
21742
21746
21749
21757
21761
21774
21779
21779
21780
21782
21783
21788
21796
21798
21801
21808
21809
21812
21814
21825
21828
21836
21839
21839
21847
21848
21850
21850
21853
21854
21854
21855
21856
21856
21857
21861
21869
21869
21871
21874
21876
21877
21878
21885
21895
21903
21904
21904
21907
21909
21918
21919
21919
21921
21921
21928
21929
21932
21934
21937
21939
21942
21963
21965
21967
21971
21976
21976
21976
21977
21977
21986
21987
21990
21996
21996
21997
22003
22005
22007
22011
22015
22016
22020
22025
22026
22027
22034
22046
22048
22052
22054
22059
22061
22065
22067
22068
22073
22076
22083
22084
22084
22085
22086
22088
22093
22094
22099
22101
22111
22114
22119
22119
22121
22124
22128
22129
22132
22137
22144
22147
22158
22160
22160
22161
22161
22162
22180
22181
22188
22191
22194
22195
22197
22204
22209
22210
22212
22216
22217
22218
22220
22228
22228
22230
22233
22238
22239
22247
22248
22248
22251
22261
22270
22272
22273
22273
22282
22282
22290
22292
22293
22301
22301
22302
22302
22306
22310
22314
22314
22326
22329
22331
22334
22341
22344
22344
22347
22354
22364
22368
22370
22377
22378
22387
22387
22389
22393
22393
22398
22400
22401
22401
22401
22402
22403
22403
22405
22405
22407
22407
22413
22413
22415
22416
22423
22423
22426
22429
22431
22432
22435
22438
22440
22444
22446
22447
22447
22447
22451
22453
22457
22458
22458
22459
22460
22460
22461
22467
22478
22481
22485
22494
22500
22501
22508
22509
22509
22510
22511
22511
22514
22518
22519
22520
22530
22531
22532
22545
22553
22559
22560
22572
22572
22574
22581
22582
22595
22601
22601
22605
22609
22612
22614
22616
22621
22623
22636
22641
22642
22643
22645
22649
22651
22659
22659
22661
22662
22674
22677
22681
22684
22686
22688
22689
22706
22709
22709
22710
22714
22715
22715
22716
22719
22719
22720
22721
22721
22723
22724
22725
22731
22732
22740
22742
22743
22744
22746
22750
22752
22760
22760
22761
22762
22764
22765
22768
22768
22770
22772
22779
22779
22780
22781
22783
22788
22788
22793
22793
22797
22807
22807
22811
22813
22814
22816
22817
22825
22827
22830
22831
22837
22841
22845
22847
22847
22850
22851
22854
22857
22858
22861
22862
22865
22867
22868
22869
22871
22874
22889
22897
22897
22908
22909
22914
22915
22916
22916
22918
22924
22925
22929
22935
22951
22954
22955
22957
22978
22980
22987
22987
22991
22998
23000
23006
23011
23013
23019
23032
23037
23040
23047
23047
23047
23048
23049
23057
23064
23069
23077
23078
23078
23082
23089
23097
23101
23102
23102
23105
23107
23112
23112
23113
23114
23122
23123
23126
23135
23137
23152
23157
23162
23164
23169
23171
23178
23182
23185
23187
23190
23190
23190
23192
23194
23194
23197
23200
23204
23205
23207
23207
23210
23210
23211
23213
23221
23222
23223
23230
23235
23236
23238
23242
23242
23244
23250
23252
23254
23258
23259
23261
23261
23261
23262
23263
23264
23274
23276
23278
23283
23294
23297
23322
23324
23330
23332
23335
23338
23341
23341
23344
23346
23353
23358
23375
23376
23377
23380
23384
23387
23392
23399
23400
23404
23409
23410
23410
23414
23416
23418
23424
23427
23428
23430
23430
23436
23444
23446
23448
23450
23459
23460
23464
23470
23472
23477
23479
23481
23483
23484
23488
23492
23497
23505
23507
23507
23511
23512
23512
23515
23520
23529
23529
23530
23530
23531
23535
23547
23549
23551
23552
23558
23564
23564
23566
23569
23578
23578
23581
23597
23598
23600
23601
23602
23605
23605
23611
23611
23614
23614
23620
23639
23642
23642
23648
23655
23656
23660
23665
23667
23672
23674
23681
23685
23685
23686
23689
23697
23701
23705
23706
23706
23713
23719
23721
23721
23728
23731
23739
23744
23748
23752
23753
23754
23759
23762
23771
23772
23773
23775
23785
23792
23797
23797
23805
23806
23809
23810
23811
23815
23816
23818
23819
23824
23824
23825
23829
23833
23833
23835
23838
23841
23844
23852
23857
23857
23860
23875
23876
23880
23883
23891
23892
23899
23902
23903
23904
23906
23911
23912
23913
23915
23918
23919
23920
23921
23925
23926
23927
23928
23928
23939
23939
23940
23940
23943
23962
23963
23964
23964
23966
23966
23967
23968
23972
23973
23976
23978
23978
23980
23980
23981
23986
23989
23993
23994
23998
24001
24005
24017
24019
24025
24031
24035
24035
24036
24039
24040
24042
24042
24044
24052
24060
24067
24067
24079
24082
24090
24090
24092
24094
24094
24096
24100
24104
24104
24105
24109
24109
24115
24116
24117
24118
24120
24125
24127
24131
24141
24148
24151
24153
24155
24158
24162
24162
24168
24170
24170
24170
24179
24180
24180
24193
24198
24200
24200
24203
24204
24204
24204
24206
24207
24210
24211
24213
24217
24226
24231
24236
24257
24260
24261
24269
24270
24275
24276
24286
24287
24288
24288
24291
24293
24296
24298
24300
24303
24306
24310
24310
24314
24317
24318
24320
24326
24327
24335
24335
24337
24338
24339
24345
24348
24352
24356
24358
24368
24369
24373
24374
24375
24378
24378
24379
24388
24390
24390
24394
24394
24396
24396
24399
24401
24402
24403
24406
24407
24424
24425
24425
24428
24432
24433
24436
24439
24455
24457
24459
24480
24483
24488
24489
24505
24512
24512
24515
24518
24518
24520
24521
24528
24528
24529
24534
24534
24535
24540
24547
24552
24554
24554
24561
24562
24566
24569
24570
24572
24577
24580
24583
24588
24589
24590
24591
24594
24594
24604
24605
24606
24609
24615
24621
24622
24628
24629
24630
24632
24634
24636
24639
24648
24649
24651
24652
24652
24653
24662
24663
24664
24678
24689
24691
24699
24701
24705
24719
24720
24721
24722
24753
24754
24760
24760
24762
24786
24789
24801
24803
24805
24808
24810
24813
24815
24820
24821
24824
24828
24829
24832
24838
24844
24845
24847
24848
24849
24853
24853
24856
24857
24858
24868
24882
24890
24895
24896
24898
24901
24902
24903
24906
24918
24929
24933
24934
24935
24937
24937
24938
24939
24940
24940
24941
24942
24947
24950
24951
24952
24977
24977
24981
24982
24984
24987
24991
24994
24996
25000
25003
25004
25005
25006
25007
25007
25010
25012
25013
25016
25017
25023
25024
25024
25028
25028
25038
25042
25043
25050
25054
25056
25060
25061
25062
25066
25076
25091
25092
25096
25098
25099
25111
25117
25119
25122
25123
25128
25128
25130
25132
25140
25141
25144
25145
25146
25150
25152
25153
25154
25163
25164
25170
25175
25179
25180
25185
25188
25188
25191
25191
25194
25195
25199
25201
25202
25202
25214
25214
25226
25226
25231
25231
25232
25236
25238
25248
25250
25250
25255
25263
25269
25274
25277
25296
25301
25305
25308
25316
25329
25331
25331
25337
25338
25341
25346
25350
25352
25356
25361
25362
25365
25367
25368
25371
25387
25387
25396
25396
25400
25401
25407
25410
25414
25419
25421
25421
25423
25426
25430
25439
25442
25442
25444
25446
25448
25462
25464
25465
25468
25475
25475
25483
25487
25488
25489
25495
25497
25501
25502
25502
25505
25507
25508
25516
25519
25527
25531
25531
25531
25536
25538
25539
25548
25550
25553
25557
25562
25566
25569
25571
25571
25575
25580
25582
25585
25588
25589
25589
25591
25594
25594
25596
25597
25606
25610
25611
25620
25622
25624
25625
25629
25638
25644
25650
25651
25654
25656
25657
25658
25662
25664
25668
25669
25671
25671
25677
25683
25689
25690
25692
25692
25697
25701
25719
25721
25721
25727
25727
25727
25731
25734
25743
25743
25761
25763
25776
25778
25779
25780
25782
25783
25784
25793
25795
25804
25807
25810
25814
25815
25821
25823
25833
25838
25839
25842
25842
25843
25844
25845
25849
25850
25856
25858
25863
25866
25867
25869
25870
25870
25873
25879
25889
25890
25894
25895
25896
25905
25907
25910
25911
25913
25914
25914
25919
25920
25924
25925
25926
25927
25927
25928
25929
25929
25930
25931
25931
25933
25936
25938
25942
25949
25954
25954
25955
25959
25959
25971
25982
25986
25987
25988
25990
25990
25998
26001
26018
26019
26020
26021
26031
26037
26038
26045
26046
26049
26049
26050
26058
26065
26069
26071
26077
26077
26079
26081
26089
26092
26092
26093
26094
26096
26113
26113
26117
26119
26120
26121
26129
26132
26134
26135
26136
26136
26138
26139
26147
26148
26148
26149
26151
26152
26152
26155
26160
26161
26163
26170
26177
26177
26178
26180
26181
26181
26182
26187
26188
26193
26198
26201
26205
26210
26211
26214
26215
26218
26218
26226
26227
26229
26233
26233
26244
26247
26254
26255
26261
26267
26272
26281
26285
26286
26291
26291
26293
26301
26302
26303
26307
26312
26314
26318
26326
26328
26337
26344
26352
26353
26355
26358
26362
26366
26367
26368
26371
26374
26376
26379
26393
26394
26395
26396
26399
26401
26402
26408
26409
26410
26414
26414
26415
26416
26418
26419
26421
26422
26422
26423
26424
26427
26429
26432
26439
26441
26441
26443
26448
26452
26457
26465
26468
26471
26471
26473
26476
26476
26476
26481
26481
26482
26483
26486
26487
26489
26492
26497
26497
26501
26502
26503
26507
26507
26507
26510
26515
26519
26523
26524
26531
26532
26534
26538
26542
26545
26547
26556
26561
26565
26574
26577
26579
26595
26599
26600
26603
26607
26608
26608
26612
26613
26614
26615
26616
26619
26620
26622
26635
26637
26640
26647
26647
26649
26652
26655
26660
26665
26670
26671
26678
26681
26682
26683
26688
26690
26691
26691
26698
26700
26708
26712
26712
26718
26723
26724
26725
26728
26735
26740
26743
26750
26763
26765
26770
26772
26772
26778
26778
26779
26784
26787
26799
26800
26803
26806
26808
26809
26813
26816
26822
26824
26832
26832
26833
26833
26844
26845
26846
26846
26849
26857
26857
26858
26860
26861
26862
26863
26871
26871
26873
26873
26881
26888
26889
26892
26899
26899
26908
26911
26918
26923
26931
26944
26945
26956
26956
26956
26957
26957
26962
26972
26974
26975
26978
26988
26990
26993
26994
26996
27002
27002
27006
27006
27012
27019
27020
27026
27027
27027
27031
27034
27035
27035
27039
27040
27040
27042
27043
27048
27051
27059
27061
27061
27061
27062
27063
27063
27063
27063
27068
27071
27074
27099
27101
27102
27103
27112
27112
27122
27127
27127
27129
27132
27132
27135
27142
27143
27144
27144
27147
27148
27151
27154
27158
27160
27160
27161
27163
27167
27168
27168
27169
27169
27175
27178
27180
27181
27183
27190
27197
27197
27198
27203
27205
27207
27207
27209
27214
27229
27230
27234
27240
27242
27243
27244
27251
27252
27260
27262
27262
27265
27269
27269
27276
27282
27286
27291
27291
27305
27307
27312
27318
27324
27325
27328
27334
27341
27344
27350
27353
27356
27358
27363
27363
27363
27364
27364
27364
27366
27368
27379
27379
27383
27386
27389
27403
27421
27422
27426
27433
27434
27446
27454
27459
27460
27464
27473
27482
27484
27485
27494
27496
27504
27507
27519
27530
27532
27534
27539
27539
27543
27544
27545
27549
27551
27552
27555
27558
27564
27565
27570
27573
27574
27576
27576
27578
27581
27583
27584
27592
27597
27607
27609
27619
27626
27628
27634
27641
27641
27642
27643
27650
27657
27659
27661
27664
27665
27672
27682
27685
27686
27686
27690
27691
27695
27702
27703
27705
27705
27711
27711
27712
27714
27716
27717
27717
27719
27741
27742
27744
27750
27751
27751
27752
27753
27754
27755
27757
27760
27764
27764
27764
27767
27770
27774
27776
27781
27781
27789
27795
27798
27804
27805
27807
27828
27834
27837
27838
27847
27848
27849
27860
27864
27872
27873
27876
27876
27878
27887
27888
27891
27891
27893
27896
27906
27908
27917
27922
27924
27926
27928
27929
27930
27935
27936
27941
27942
27942
27943
27943
27954
27957
27964
27964
27966
27967
27973
27974
27978
27984
27986
27986
27987
27987
27989
27989
27993
27995
27996
28002
28007
28022
28024
28027
28027
28039
28043
28052
28054
28060
28063
28065
28067
28067
28068
28069
28071
28071
28076
28078
28078
28081
28085
28092
28099
28105
28110
28114
28115
28117
28118
28125
28129
28129
28132
28133
28133
28136
28138
28139
28143
28143
28154
28155
28156
28158
28161
28161
28163
28166
28166
28173
28177
28177
28185
28186
28191
28192
28194
28197
28198
28199
28201
28205
28205
28208
28213
28215
28217
28218
28226
28235
28235
28239
28241
28243
28245
28249
28251
28256
28258
28260
28266
28269
28275
28275
28277
28279
28289
28291
28293
28301
28305
28314
28317
28318
28321
28325
28326
28327
28329
28330
28340
28344
28346
28347
28348
28349
28354
28356
28364
28364
28365
28368
28368
28374
28375
28376
28378
28392
28392
28393
28398
28401
28404
28405
28409
28412
28414
28414
28416
28418
28419
28419
28419
28428
28429
28434
28434
28435
28442
28447
28449
28451
28453
28456
28462
28464
28465
28473
28474
28477
28482
28484
28488
28489
28493
28494
28495
28505
28512
28519
28525
28528
28528
28532
28533
28534
28537
28537
28540
28548
28550
28551
28553
28558
28565
28567
28568
28570
28570
28573
28578
28580
28585
28591
28591
28591
28599
28599
28607
28609
28616
28617
28617
28620
28623
28629
28634
28637
28646
28651
28652
28653
28656
28663
28669
28671
28672
28672
28674
28675
28675
28675
28681
28685
28689
28690
28692
28692
28703
28705
28708
28713
28723
28723
28726
28727
28730
28730
28734
28734
28739
28745
28746
28746
28750
28755
28757
28759
28760
28767
28788
28788
28798
28799
28801
28803
28804
28808
28808
28812
28823
28834
28835
28842
28846
28851
28852
28852
28854
28855
28858
28860
28862
28867
28868
28875
28877
28882
28885
28886
28888
28897
28902
28906
28907
28909
28909
28910
28914
28916
28920
28920
28921
28922
28922
28929
28932
28932
28933
28935
28936
28936
28936
28937
28942
28947
28948
28948
28948
28948
28954
28961
28967
28968
28974
28977
28981
28984
28985
28988
28991
28992
28993
29002
29006
29008
29008
29016
29026
29027
29030
29030
29032
29038
29041
29043
29043
29051
29052
29053
29057
29066
29067
29071
29073
29076
29077
29082
29082
29088
29090
29094
29103
29111
29111
29111
29112
29116
29116
29118
29123
29126
29128
29132
29134
29140
29142
29143
29144
29147
29154
29156
29157
29161
29162
29170
29170
29172
29178
29187
29188
29199
29204
29207
29207
29208
29211
29217
29217
29220
29226
29230
29232
29239
29240
29241
29242
29243
29248
29251
29253
29259
29260
29264
29264
29265
29266
29269
29274
29276
29281
29289
29292
29293
29295
29299
29303
29310
29315
29317
29330
29334
29336
29341
29342
29345
29346
29348
29352
29355
29363
29364
29365
29365
29366
29371
29373
29377
29379
29379
29380
29381
29383
29388
29389
29391
29400
29404
29408
29409
29411
29418
29420
29421
29423
29442
29443
29446
29453
29455
29455
29457
29458
29464
29465
29472
29477
29478
29478
29480
29482
29483
29483
29484
29491
29494
29496
29499
29501
29503
29509
29513
29518
29519
29530
29532
29535
29536
29538
29545
29546
29547
29551
29555
29557
29557
29561
29564
29571
29573
29573
29573
29577
29577
29577
29582
29584
29591
29602
29605
29606
29609
29612
29615
29616
29618
29621
29622
29623
29629
29631
29635
29636
29644
29651
29651
29652
29652
29655
29656
29657
29664
29665
29667
29672
29675
29679
29682
29686
29689
29691
29691
29691
29692
29695
29700
29700
29701
29702
29703
29706
29707
29709
29714
29716
29717
29718
29719
29724
29726
29726
29729
29729
29732
29735
29741
29749
29754
29755
29762
29765
29772
29774
29786
29787
29789
29792
29801
29803
29811
29811
29813
29815
29820
29835
29836
29841
29841
29842
29844
29848
29850
29853
29855
29858
29858
29861
29866
29870
29872
29873
29880
29885
29885
29891
29891
29899
29899
29900
29901
29901
29903
29904
29905
29909
29909
29915
29917
29917
29923
29925
29929
29933
29936
29939
29945
29949
29952
29955
29963
29964
29965
29968
29968
29971
29972
29972
29978
29981
29986
29988
29988
29989
29994
29998
29999
30003
30004
30011
30012
30014
30017
30019
30022
30036
30036
30043
30047
30048
30048
30056
30062
30063
30064
30067
30068
30070
30072
30072
30084
30090
30091
30104
30105
30105
30106
30106
30120
30120
30121
30121
30121
30123
30123
30126
30127
30136
30137
30140
30140
30150
30150
30155
30157
30160
30166
30168
30169
30173
30177
30178
30181
30181
30183
30184
30185
30187
30190
30191
30201
30202
30208
30209
30211
30215
30216
30218
30221
30223
30224
30228
30232
30232
30234
30241
30243
30245
30253
30254
30255
30260
30261
30261
30262
30268
30270
30270
30276
30278
30278
30283
30283
30285
30286
30286
30300
30301
30302
30304
30304
30314
30322
30322
30325
30330
30333
30346
30349
30361
30362
30363
30366
30368
30375
30377
30378
30385
30401
30411
30413
30413
30415
30417
30417
30417
30423
30428
30429
30432
30433
30437
30444
30449
30451
30459
30461
30465
30467
30468
30468
30469
30469
30470
30472
30472
30473
30474
30478
30479
30486
30492
30499
30504
30505
30506
30507
30507
30516
30526
30537
30543
30555
30556
30556
30558
30564
30566
30570
30577
30595
30611
30615
30617
30618
30619
30623
30623
30625
30627
30629
30632
30638
30644
30647
30647
30652
30664
30665
30665
30668
30671
30673
30678
30678
30680
30681
30682
30685
30690
30691
30697
30699
30702
30708
30709
30719
30723
30736
30738
30754
30754
30759
30761
30762
30763
30765
30769
30781
30788
30791
30797
30810
30819
30821
30827
30829
30829
30830
30832
30833
30834
30836
30836
30837
30843
30853
30856
30859
30861
30861
30863
30865
30866
30870
30871
30876
30880
30888
30890
30890
30894
30894
30897
30912
30917
30918
30922
30922
30923
30924
30925
30930
30937
30938
30939
30940
30941
30943
30945
30946
30949
30954
30963
30964
30965
30980
30980
30988
30990
30994
30995
31006
31009
31010
31014
31035
31035
31043
31051
31052
31056
31057
31057
31066
31069
31070
31073
31080
31083
31087
31088
31089
31103
31103
31106
31106
31109
31114
31117
31119
31121
31122
31124
31125
31127
31133
31142
31147
31154
31164
31165
31165
31168
31172
31177
31181
31198
31198
31201
31203
31205
31209
31211
31212
31220
31220
31223
31224
31228
31234
31244
31248
31252
31265
31265
31269
31272
31275
31277
31282
31287
31296
31298
31301
31301
31303
31303
31307
31318
31320
31322
31325
31327
31327
31329
31334
31336
31337
31339
31340
31349
31351
31356
31358
31359
31359
31360
31365
31365
31369
31370
31370
31371
31374
31375
31381
31386
31388
31395
31403
31403
31407
31411
31411
31414
31416
31420
31421
31425
31431
31433
31433
31441
31441
31444
31445
31453
31458
31460
31467
31469
31475
31480
31485
31490
31491
31494
31494
31497
31504
31505
31507
31509
31517
31520
31520
31529
31533
31536
31537
31541
31542
31544
31544
31548
31548
31550
31552
31552
31553
31553
31554
31554
31555
31562
31566
31567
31568
31570
31570
31571
31571
31573
31579
31585
31590
31590
31596
31600
31601
31603
31610
31616
31623
31633
31636
31649
31650
31652
31657
31659
31659
31669
31673
31678
31680
31682
31684
31686
31687
31688
31691
31695
31696
31698
31700
31702
31705
31716
31726
31729
31735
31735
31737
31737
31739
31740
31743
31745
31746
31752
31753
31755
31759
31766
31768
31768
31771
31771
31778
31785
31786
31787
31788
31788
31797
31799
31817
31819
31820
31821
31828
31828
31832
31840
31842
31844
31850
31851
31853
31855
31869
31873
31876
31877
31879
31888
31890
31896
31904
31906
31907
31907
31919
31925
31925
31927
31931
31932
31932
31935
31936
31937
31937
31939
31939
31940
31951
31955
31958
31963
31966
31970
31976
31979
31981
31981
31988
31993
31995
31996
31996
32001
32003
32006
32011
32017
32021
32021
32031
32035
32038
32038
32049
32050
32054
32056
32057
32057
32061
32062
32070
32071
32073
32075
32078
32081
32082
32087
32090
32094
32098
32098
32100
32105
32109
32111
32113
32117
32122
32125
32129
32135
32136
32136
32140
32145
32146
32153
32156
32156
32156
32157
32158
32160
32164
32168
32169
32170
32172
32172
32172
32173
32174
32174
32180
32180
32180
32186
32191
32193
32194
32202
32203
32203
32206
32207
32213
32214
32214
32214
32221
32224
32225
32226
32228
32229
32231
32235
32235
32240
32243
32244
32254
32259
32262
32265
32266
32266
32269
32270
32276
32277
32283
32284
32289
32294
32294
32297
32306
32307
32312
32313
32318
32319
32320
32321
32322
32326
32332
32338
32341
32343
32343
32344
32345
32355
32355
32366
32368
32369
32369
32379
32387
32387
32390
32391
32392
32393
32400
32401
32402
32404
32404
32416
32424
32425
32428
32430
32434
32434
32441
32443
32445
32447
32450
32454
32459
32461
32463
32465
32466
32471
32483
32485
32491
32494
32497
32499
32502
32503
32505
32512
32514
32518
32520
32522
32522
32522
32527
32535
32539
32541
32548
32558
32564
32567
32571
32582
32584
32585
32607
32609
32611
32612
32616
32625
32627
32630
32630
32636
32641
32641
32642
32644
32648
32648
32653
32653
32657
32669
32670
32677
32678
32683
32687
32689
32691
32691
32692
32693
32694
32697
32704
32711
32711
32712
32717
32718
32724
32732
32737
32744
32749
32751
32752
32758
32758
32761

